"Student 1",7.290383504175607,36.77672542277871,98.10161567964111,79.5883024496961,68.0720227399737,41.54710846855932,18.719852437732705
"Student 2",30.0954568596294,27.6790859979023,37.450315893259265,98.80323546637072,31.415785898990457,38.84852478285264,32.72792364046868
"Student 3",27.470728370461778,98.71764435799676,33.726765286082774,58.90069124225899,27.37528134634344,98.91081544205275,85.7383326672141
"Student 4",65.62809533842095,39.18810719470741,51.727627178946975,10.170757266826378,61.63092157046689,66.59893330816602,71.87521251909479
"Student 5",2.8330467111363267,33.47476241488001,83.70049866889315,9.16283338586218,17.48367716050151,13.282763720079348,47.273163882176334
"Student 6",42.11567539508343,64.49667786816708,96.20081033059421,34.461356611940325,92.26361631744601,53.01470360831567,81.46479708202496
"Student 7",99.83919772633308,48.79790600381872,67.11373771568962,70.81092920044173,76.22079545868161,76.69729017586003,43.81504749093024
"Student 8",72.53799993807952,55.078359778968746,78.55676256995943,7.842139562337404,62.6390389614491,15.21787056327913,37.99776939528773
"Student 9",41.63429873640893,25.653490567447466,95.19817925841743,14.02764526163124,44.44897770805566,83.07407846157267,58.18734031016095
"Student 10",92.67159327654242,74.74837806392152,73.71679541308669,87.6987562292917,82.26706131009604,91.30018328793244,67.11205202961494
"Student 11",57.47483554699328,35.301776296922256,73.9089367356043,44.16073740325574,46.662796291920834,30.699904401116186,72.47700902055159
"Student 12",96.0738057435713,11.826101052872435,15.045993632595644,12.355870724385706,38.0976832123708,68.63525240405846,77.16120541092387
"Student 13",19.11565967477138,19.80510959897212,68.68440891135799,22.10232646263053,96.37515474626635,64.08852094103078,6.28583155142715
"Student 14",43.856316765369904,96.88145091888194,64.88909231886808,42.82045291107841,8.828875962715866,37.90519737215472,19.90751616059395
"Student 15",76.08289920258711,27.57524931808914,20.015224710472193,75.53272345517367,37.69304985985135,29.31972871218595,4.266783689445153
"Student 16",64.72682960616433,38.91010800095704,64.95550117030356,47.366035854783185,99.19893550613845,76.21880158643512,67.77021338325537
"Student 17",23.307876759401598,0.14761143914799182,81.57955551957686,43.32518600464536,27.059130894158407,44.857313008014465,30.726552637185677
"Student 18",55.600778551704074,40.61345354426199,79.8431803987845,63.88203014153938,43.06541621027139,32.738413955304466,26.081543159440525
"Student 19",51.307721830913366,60.47092673292226,39.06581066545432,65.52300409041068,87.01363962177274,54.099746656256166,16.34635541710656
"Student 20",69.55374644102169,3.868317463094077,61.32272850486961,40.61402182142245,50.771617143730005,93.13594153322794,77.48004088055298
"Student 21",53.225922450564724,42.6040379562176,14.885346670407456,3.4401059180382125,87.18622012306614,97.54128436876952,47.313963717153825
"Student 22",66.06663330620832,45.04183968208541,24.298468753583837,26.18548064128673,88.29769457056788,63.89655128122318,38.088081556621354
"Student 23",49.08359503695851,16.136263236510455,93.81512524092552,92.0327343265991,52.47500607131605,5.73814929912227,85.05883433245232
"Student 24",18.185404883993446,51.95592293557242,53.38787750969281,29.97233869313562,45.85675227977691,89.03910553810475,91.46899372189858
"Student 25",50.92160111782912,2.837588827028776,47.25874832503799,21.011688370487494,17.8103765280619,15.90503175544221,85.89334284816115
"Student 26",15.004000760124244,34.642004483095185,81.82374593961748,44.23467819649005,83.06790564925272,68.64033456384962,73.41851055558362
"Student 27",13.881963667917214,15.661282258525718,67.00637777978015,94.39973943840639,84.73177442968466,35.91717075995305,15.36693483266227
"Student 28",12.500541077776969,21.968181144963744,55.44334561197759,88.66191570064228,57.26301836963821,20.447461790942562,19.055032122736172
"Student 29",27.174184290971436,88.2660072294142,81.12423189421182,26.844471140136157,13.629230286630802,24.71722641494729,1.0267945330609844
"Student 30",12.572582640667882,59.87707373883205,72.1723546916557,89.95874196657813,88.67882216776626,92.16843187018637,61.14872397916713
"Student 31",50.818255111948595,42.9588749846296,33.18269972498113,52.959511197632324,12.123100424625829,99.87769937686377,48.172240031478886
"Student 32",72.83634224450454,52.61357376985663,51.371326264692705,23.41224813294891,65.3466739050878,10.008145806845139,76.63587643816825
"Student 33",64.4120436557895,36.31475247722326,14.493257535933301,22.63242824227361,46.493386728609906,67.94514995863376,25.022634689466415
"Student 34",31.15865194622922,5.135956103225907,79.48736284942173,35.227755796557084,21.509753504807218,98.41303908146932,89.45388643830914
"Student 35",35.45340212159601,66.18029299977421,37.267123682807124,81.66146321881766,12.448697484904896,88.81595146653626,51.107866398288024
"Student 36",94.4650121124147,65.02411048322051,31.6507075226195,58.30361956489145,71.34726049237572,20.740436095207386,65.04882287996439
"Student 37",9.771920130043636,38.86532475232206,21.90046653085867,38.119068593176,94.35558811697568,46.3643436945646,71.04137179145935
"Student 38",79.75907004728025,97.0348904907824,9.890603938286773,19.24742771596886,29.180444298343993,31.857563274284505,55.94109262407172
"Student 39",26.402401405689158,31.775031718643653,20.19449290413397,48.207871305912406,61.48533935781312,63.86546090582767,52.05609364199882
"Student 40",29.619233911696384,24.110814618640806,49.38185653932215,83.40158075172701,75.52854206066611,77.3271033058826,32.407982397839355
"Student 41",30.638887122603105,98.62147575546163,54.667288406395386,78.40746599543775,4.192520793765055,27.395728950371183,93.25595704701509
"Student 42",39.476253070582175,90.4772041626991,65.33279219563887,29.504100032698883,42.70597242020966,58.082075542625255,24.202090534795435
"Student 43",96.55536249447303,62.29171940578859,0.11814612817947849,2.4982712720012397,18.070577349956775,4.522312647970563,71.82876350427512
"Student 44",70.9164020006691,36.7912524003842,40.63845329299816,5.1803621439003145,42.311922340093005,84.69223821753617,76.96138510711583
"Student 45",18.464242741480355,43.68070047428668,74.0468980354606,39.03036068661945,82.537413680659,98.51295164455789,52.18350551087104
"Student 46",56.90126467447117,95.38803639880203,5.414289348999255,21.486121101496984,95.24379812699975,54.72297560975872,25.4347279084501
"Student 47",22.02277834041655,68.02810164854428,48.59618649650128,45.736155023588445,98.91303604143188,94.73637369755022,42.1801016736505
"Student 48",63.2534839788931,34.997629625909916,63.23593240648204,31.82026665706544,1.794961256492119,21.32465542684976,54.367745819166814
"Student 49",41.7078347998067,6.28211486442313,8.998281280192213,41.49637801303014,19.838310353320303,11.517170540800853,21.492542813542865
"Student 50",7.947164929404139,58.50549843531302,91.76462618010297,85.58416692927226,39.85011453592212,92.7499477419124,70.32351201338423
"Student 51",15.42576028669968,54.95509170763005,32.13369148111696,74.78701541495988,23.193784177345865,23.879796466300608,52.022388924052606
"Student 52",51.917458516975415,25.748814338414462,94.995540614746,81.77281925715386,5.368269751807221,90.31180131043486,5.960426188624061
"Student 53",44.75847084814096,36.440632381042946,83.58789999872283,10.14538897818635,38.54611848148608,47.191295971338626,29.844873395370698
"Student 54",64.87577128217951,0.03376040783605551,86.28686105805812,58.16853618473685,15.717840706936387,93.23475031361228,55.783439108316344
"Student 55",84.6306140785482,29.99586998984102,64.20615773768277,3.217478627026699,72.5811022300028,99.35043138873162,64.29324451361114
"Student 56",72.28643128511065,43.01156116013891,86.4770620105904,6.833087490843521,78.90556442069962,79.35078993975716,47.47560757126642
"Student 57",1.669697187850867,6.748095574958102,56.56378702149622,40.78121657473516,19.554182804974353,86.7614182839535,10.535506920669363
"Student 58",87.24978837789081,70.2337131770818,93.41347180075569,57.55804753183561,0.9637644047804615,98.82005599682425,16.578094597861508
"Student 59",68.39843318910529,26.959958853791456,10.499430027454,32.889769104980125,85.40178806457327,20.78770136715633,33.46539881931707
"Student 60",27.962053446290014,38.84670947283997,78.6920636591438,4.7878669020250975,13.179732565876812,85.15597632557812,4.7279362119070125
"Student 61",3.025018614540561,61.73829252641131,37.046374297835676,65.81724536954,57.92969191202042,3.1951866542328915,94.38930414372997
"Student 62",16.18667404557243,80.64023130315707,20.6769514598191,37.35841171222336,38.38543268779519,90.35055512348049,87.5450660059276
"Student 63",97.83849715854207,84.14199250950155,38.86603035061679,37.268146315626026,54.0620793924399,94.21493715743065,5.151272230422963
"Student 64",98.75935816371783,53.509817114871595,90.37087246791148,25.55895118225886,67.32393094992106,9.098005828262613,91.45057417199016
"Student 65",62.48331953976548,58.633034307025014,83.177518463274,44.48316974929575,12.753320013847288,64.39359114554263,3.5883065765731708
"Student 66",70.79329314146392,76.25333715346899,42.33325166094852,20.85640522426179,12.271600685594887,39.179494938147506,49.586318006261145
"Student 67",81.33237052471256,5.662163402303483,23.649389125303617,99.94454718982793,21.081358199795165,26.66847766644879,3.231795291762988
"Student 68",39.20254957632891,43.742515950551244,2.559594366113144,9.871152664049323,21.97919246476937,33.23691737830888,69.20264483160584
"Student 69",11.837409671479628,25.168691738425547,66.1074651061633,48.00498715503721,39.88420878806383,87.93502133270549,2.590882263957407
"Student 70",44.86071683849089,42.920011566474145,66.68464608541544,56.67561976073184,13.848938294631804,10.013145639463783,27.485645691132316
"Student 71",89.9300802302493,44.35745965870734,8.75238693092487,18.20640347545147,46.93861198621904,0.4641121839469145,4.6824719937505135
"Student 72",49.201525370843704,35.38914638832556,57.4485036960238,82.05018473134498,81.51002952640988,62.788653501329996,42.164303213251905
"Student 73",96.53533618691777,41.69825386639635,72.6069251035907,30.394221448425473,10.348684888226105,68.10713450113855,3.958785756796266
"Student 74",37.96643900967455,56.98801918198585,37.301705964908635,92.07313767622949,71.81203483693245,26.827593764819767,34.61287773153398
"Student 75",41.19908546139745,32.76227026229835,45.55445338718233,81.19679961089544,18.549661424282867,63.179647720578735,58.44112723722855
"Student 76",65.93082069435552,64.06498516706381,10.351757123161027,61.326058868985534,81.96133188711065,74.67252583714074,90.00958892857722
"Student 77",9.161763397109901,64.62313336635455,96.33723460778498,83.34016082777069,84.93885731246391,64.19325532183954,8.638779265613971
"Student 78",23.239192615948607,61.323938892654425,49.35252147238247,6.925636107784248,43.07360727908248,18.24108542031342,69.42418205735196
"Student 79",4.785778310296336,8.661186127506031,91.19539771810378,6.431619796644217,74.81671061665332,58.08813338733071,84.87159894632997
"Student 80",98.15061139602922,72.72257341898992,81.4298457114954,74.7472373220749,73.27370416864188,34.530924601354634,81.73714951854738
"Student 81",33.87413717724367,42.939981595896,46.6713262084001,10.47154631335578,87.65992147948322,32.904423008340956,26.96180702051359
"Student 82",88.80978737089545,72.33057342313526,35.42075956143564,39.94427867139308,9.050595276132055,63.44906457229703,27.308331231904763
"Student 83",74.37166419505596,78.85088776156515,63.28907164278355,28.56423939548451,47.51908671317068,67.07892163571324,87.50603680095537
"Student 84",46.521529084774265,47.93319098340877,99.6209715718576,27.664037107692984,84.8978403505087,53.36361350689971,6.371837844196494
"Student 85",20.507592558602248,70.85191879318616,75.88294279187336,33.549603219046745,50.14800145937549,88.83818661361069,85.98566752784464
"Student 86",78.74857825420133,52.121740840823605,90.89662195355663,63.53816369058002,75.86872608159848,66.54118964702454,95.69879782843739
"Student 87",42.45420254102213,87.98652739587915,85.40267521652947,97.0940526647469,80.7930850777859,61.564066659138014,61.71965375576296
"Student 88",39.89628809388566,51.80539603022132,26.062132222639367,22.32436794808966,16.37661954582372,85.17246523072019,77.91304051203714
"Student 89",30.016252042037113,26.25773675776356,7.081713089200428,75.93794196761385,39.079490039289745,26.7998732228423,37.29844825539266
"Student 90",86.15591370336405,75.44441568982026,5.225130698129195,82.08297762435171,89.7925196035158,72.1899794416244,3.961085779781447
"Student 91",85.59352132429845,20.950176462188853,97.8746207923488,93.5000987654258,11.207500250864175,65.35648300169643,38.49410425809248
"Student 92",12.852076874599552,16.058911441855624,6.791671148944428,49.53003636933913,51.1573361408519,29.918950856086557,60.95471852441512
"Student 93",93.08244495539014,5.521643744745674,30.748678432810717,52.82485751886685,89.7640688433396,28.423718227323253,46.15181208554876
"Student 94",86.20430741852968,64.8791197716741,57.87399149095722,28.26681378365662,83.9306793612494,29.455689538806773,34.81536097560368
"Student 95",87.6464520596977,40.67315751631963,21.129447342344925,12.028105562855748,66.344655912306,64.44199744960312,98.63785860660418
"Student 96",23.036197562084975,94.37411306238731,89.0932261811863,97.87698393094186,81.13427016515661,4.709720152375859,95.60256013671314
"Student 97",94.51927179579293,22.479867015307274,22.25497222729207,51.39477502010536,83.08558381068009,55.272278786903904,2.476337554285791
"Student 98",11.90883484288207,89.8989601059169,30.267315543410767,64.11055218426316,61.59467585299344,91.52944870110568,19.474759037712783
"Student 99",41.77831943887862,47.65172178507381,15.000514280931924,77.60223721357397,30.750153460823803,80.22127326136854,82.42331644608893
"Student 100",3.72838294417017,48.10766156450185,93.03636427657632,27.736446655147766,40.29072343881277,79.01061906436566,24.135034337403486
"Student 101",81.27183978133942,90.51132700423732,42.80531624574116,6.192666038730536,5.513290342871292,72.77894053306045,85.51373430774306
"Student 102",79.68659885319758,68.89369725514884,73.81360266984908,15.015581367795324,79.01501222196508,60.38312955700692,21.624112308183676
"Student 103",59.76222318607321,36.78101024122583,21.740796394045937,34.92398631091959,45.92616644931707,55.691019119579224,42.54231610623181
"Student 104",42.418850758691065,68.28330147955309,45.691837660256205,36.49404737615142,52.45136943020153,60.3449959272748,12.176539690316801
"Student 105",14.951727661684219,58.10527296745048,64.59593904701508,25.22170987791206,36.51990348734268,50.47625505552362,19.362302752858728
"Student 106",35.32682446454463,90.88031230961545,6.347384590679351,53.54923091450019,82.27944023003252,70.64397702646109,3.354252355676015
"Student 107",83.62287442238116,87.18777038640175,97.68244138729617,57.53490701392856,62.561227040653854,72.26912393048941,0.1974511143507001
"Student 108",63.482003144256836,14.895308854407327,19.813620334746176,14.936004220610693,71.474468726598,69.96299005151316,45.7074013114432
"Student 109",31.64035011948565,70.24697258998701,74.48610703845895,50.54608660685276,9.33200939589046,66.45304705650503,97.42527118767703
"Student 110",28.77379319201743,7.400452996562448,27.712869900120296,98.70830231689584,5.631602813877194,75.55110288144566,46.43834264261951
"Student 111",69.07150323404701,91.71898865270424,19.83152597144398,47.08138866574079,39.083880199322806,67.27472793692782,13.131668128804813
"Student 112",77.02524869798668,41.806104260734,83.70195809607189,46.64298493328999,43.187339196303476,44.080192698044264,34.53059715038286
"Student 113",78.54647525669527,12.609208079203087,93.17188657473451,14.256344474182587,69.0985876111057,95.10040176978401,40.59964169640235
"Student 114",14.047605676714614,27.59168040355974,17.673999419675425,18.024858977598697,17.10068573572812,84.70277197204055,83.88143497201634
"Student 115",25.123908415333652,24.661755603190578,53.75988874730483,38.428856993092026,55.612619548353116,8.77230407553493,57.94227519745816
"Student 116",36.70159204414438,65.28903784279248,86.34568414787054,21.35771121781211,62.66748108791697,33.95961900771474,79.80452168798782
"Student 117",64.84286677800576,82.65656388256578,32.527264707947396,88.98463358038568,77.66619503268582,22.69402431333132,30.626751630835802
"Student 118",92.11442063616371,93.67070345396476,99.52314655871719,45.62611815087566,3.252216940508675,6.275022408767812,63.67845296881588
"Student 119",75.70295034875501,24.643944925160667,32.359630426165765,61.714468486824735,69.33684337685966,92.19443882394091,98.08385845883527
"Student 120",48.97385095219186,85.49717498400628,27.94980721870719,63.00290450471506,92.51708966268984,68.8821694990156,68.19025109450844
"Student 121",80.44933375756194,1.8094257433557774,2.9240883610207864,41.60871303624038,28.264253602769312,69.97402199744795,35.8249209233856
"Student 122",50.31962767875029,31.311817299256635,89.86374039806024,88.34951636367771,48.128366102572976,64.31895205889629,56.88551413854619
"Student 123",79.41775296352662,2.6448130271463284,91.13286352833751,68.00146170813095,4.348683947844589,4.856516732074232,14.876070593470923
"Student 124",80.04266786011792,5.041808395282075,72.75906938128063,91.74927427352719,62.81018867240664,93.1015456871198,10.631153096691248
"Student 125",37.610113387213104,41.214098260371415,19.704415617239153,93.0372260172463,37.19831125755193,20.952277641158958,98.55986438831901
"Student 126",32.8297064786102,20.353959210874674,44.92565489916282,24.579067015303174,67.30830019484742,22.199567327441947,28.754573448189717
"Student 127",90.01480501101862,96.90292126739641,50.26269137410804,33.76462889471155,67.19129231457536,34.753080740871304,37.950044381657214
"Student 128",98.4029281688394,61.92502879448875,92.82138895954199,68.63821288781568,41.02024317215056,95.84970546324861,45.13972374764727
"Student 129",69.12408347532957,73.95684567672018,13.654761267989974,18.102526458484128,70.72004139990621,16.774317513782787,86.12594074941326
"Student 130",38.04990806522225,45.793857200232765,77.09989132446127,34.50211216685479,68.96955109864126,98.75984075019949,8.940357800318521
"Student 131",76.89916097919294,57.83408574925455,32.97454632221606,78.87655563978007,51.37792287092089,17.499135909903142,21.01228548210659
"Student 132",76.22391369874371,92.30326574056465,66.67271432564938,88.67072203656319,29.293305445383666,15.60903951448512,49.38885145776561
"Student 133",63.09541332804328,78.1358153838464,19.387598455468403,29.765454273048952,14.145941557575092,6.215930567668854,64.80681736853019
"Student 134",7.475948945671526,40.511610147975844,12.031167698644808,62.410913918506225,37.41921248604479,53.18507683550509,11.96753843214714
"Student 135",30.764184507033637,29.72980784068426,0.8011811148806472,48.06678587899451,27.01682864302662,77.42320476503274,0.15216745847787316
"Student 136",90.92415234318587,88.66330890708768,50.74582825575064,72.53268134181586,58.74577634256845,90.21694519106248,82.23424536942139
"Student 137",16.261353024298437,45.27287436725556,94.56604921687594,44.801404332027296,95.29731456367733,66.51436189074973,54.31305393471094
"Student 138",51.46370291206579,31.088346423700088,74.35329721716396,89.16576047818147,17.49173754198811,57.75173588793856,35.47682797113643
"Student 139",89.40746204882252,65.05761488466383,67.34545122365321,52.15438780365667,56.20950774288629,37.887705011644144,42.39799495252108
"Student 140",33.47067640613673,32.70169485015867,4.67260049311908,34.181362513921364,73.48669231056857,7.241935471887992,67.40135836853342
"Student 141",3.5799976105967524,3.922960235367697,98.59929204091337,55.65646176133795,66.91630552121434,70.09198957772593,57.7150808223446
"Student 142",56.831656469140334,69.76434135011257,85.27621073551599,99.7887871589045,43.0312663235448,81.07663136430291,97.5678848395111
"Student 143",11.280720310004408,77.11477752982027,16.527853584535826,24.881380961385705,43.2691258741419,18.755475002970847,30.300696991970582
"Student 144",64.4177564314799,75.62575562683664,2.9780040069967915,68.97105338739438,82.25523609544037,50.82794516359319,36.79401740793024
"Student 145",14.776620048315827,98.1202280836827,3.875512161135472,34.23634677212124,67.21273643574823,36.879147612135256,81.97915751130103
"Student 146",35.23168411292028,22.432250943591864,53.736014447052106,30.967253102749563,67.43222783027426,79.04478508314833,76.82582099454355
"Student 147",59.636591342223056,80.93656325846521,71.04656984255627,95.84905988584967,92.57685028950078,8.73312787828,3.917745522981306
"Student 148",17.67174468133346,49.18073559627897,8.626951899803112,14.339084692477073,81.99394025480353,74.09798520087078,96.86167735456745
"Student 149",66.98949700330564,15.757962447245442,68.46971677236455,33.20533481301261,89.95163619263256,74.47283396322365,69.34746843480809
"Student 150",91.19244606607066,74.39971045660889,57.44266935791802,74.65027792657513,40.10051869167008,2.6533876127882157,99.61214708535384
"Student 151",71.38526952175262,15.496348746729213,61.398876266059574,61.7753679272125,79.65910004903421,28.89068691547521,0.005825593790888902
"Student 152",4.459869140703653,97.41341648240568,88.24973719538232,95.5694775294956,35.49432225643059,74.29108948684485,5.964828946006635
"Student 153",68.78068428914673,2.371905702394684,45.3232998954629,99.19393747673891,56.079179065170706,11.27333787980521,5.077530670229938
"Student 154",85.57425500724288,40.86433979786301,91.13701977775413,3.7165880545606726,11.56941338992135,27.419665678609345,73.49843541041429
"Student 155",59.199139068950025,9.328255079408414,79.35893979972512,94.91079053529877,25.069512598859014,39.17991752210994,37.660843195065276
"Student 156",59.26558218480048,45.76616243513642,21.97148465156806,29.422029294005476,39.3244128654058,57.743485952635034,92.32267827669969
"Student 157",66.8099142024402,30.11265847618876,1.9353979100934282,59.60140402411712,86.15941412839511,56.08327160061505,7.695667629034272
"Student 158",54.39537295869571,60.77539508685077,49.24082120940872,42.01446178359822,29.942375942723793,74.90153663900135,98.77269647814111
"Student 159",17.344129637447715,35.25289372404456,34.02305935172267,73.11051927042239,12.101755662504846,73.61919584633223,34.46143527700847
"Student 160",67.96637937638761,60.311063301465175,17.057703193121778,99.72524303514724,70.24642024110382,48.55112270807675,85.6724820722356
"Student 161",97.86246650826953,35.35967637781853,3.2716263350494907,62.44601512901992,63.025359294085604,51.487587729029336,90.48820869051161
"Student 162",43.20848849268629,44.84919176944869,57.495094812108405,83.81478233019783,40.97472041535415,73.47280485933325,10.33121250706351
"Student 163",63.7731870889939,46.72755615739831,62.328785835062796,94.36112667118455,32.581355968901455,97.0343137020321,38.90830726562231
"Student 164",84.41278687432764,43.04421019506793,47.07209399385895,47.7623660073202,15.601701731588383,33.674720730662415,16.525950982746053
"Student 165",23.308777442611607,6.850315865200677,28.257298442786826,48.92976879288346,37.16332236975756,13.436313173733339,62.3969642579998
"Student 166",75.54415879557398,20.890807092964366,98.74686617111284,76.95820976634882,40.15529706987984,44.584388822609625,34.00144724605244
"Student 167",83.76239364205347,16.96787072002251,7.06421867613697,2.9306406332028994,83.0278243729435,85.63663521886687,92.17189433390878
"Student 168",81.17432724453832,12.707057258986964,24.738225932433554,69.55088524769457,74.67660025424078,9.122438287701836,52.14399734448899
"Student 169",29.25003090191219,19.677959175206595,15.189219602293985,83.20083169798335,53.128497363239525,60.46871697826407,31.805616916655293
"Student 170",48.39435852236933,80.91140624779099,43.23872249849507,20.36430675375571,95.34190059914478,16.837120246161323,64.87755153177748
"Student 171",41.585740067132754,5.233574561247477,56.329601422970995,49.835996954636414,71.406198132571,81.73784856739158,92.01254116679847
"Student 172",19.964228045942566,48.31102921898856,27.881221375911846,20.21841548591804,75.61946651711798,97.37666892863871,83.40378518246479
"Student 173",77.48916384782218,19.16043572410171,92.042305438022,53.38050436431973,94.8198409406645,55.4970169283882,55.5849222009182
"Student 174",89.78025434438635,45.75075263442908,68.48025574400758,89.61416231045311,85.34508890592889,27.037247743634307,28.719242047522776
"Student 175",34.42728522141782,66.85053305324587,14.16478172681692,85.60751780124843,81.46977678592486,53.067365855427525,31.0251047082337
"Student 176",82.14723743674341,31.596098254926304,93.95028419042939,50.929597443067856,44.19663139532911,40.06403465629158,96.97635944380643
"Student 177",66.47745864793673,6.7663513414752074,21.234246478797708,59.408591836666545,40.4119639558709,76.86767198728442,48.73739182792344
"Student 178",20.50402505655042,29.532880350966924,98.82541351575296,21.972525561951205,53.51677283005867,45.48018936152624,59.23890357444965
"Student 179",26.84723065711676,82.06991251050492,88.39669345930396,58.24007762836738,67.69466868292669,97.32003294019968,17.334418266550227
"Student 180",68.55798512133663,31.59680073251339,66.6148880482335,94.19983951629281,29.13179246557136,19.386467062853548,34.66211015468804
"Student 181",25.305039272010948,40.91730274461473,73.83486274505901,49.71266036777048,57.03546116573861,57.61378744747731,73.95106787982215
"Student 182",75.05202800460901,77.234852922053,8.844763588227131,9.475832881308506,66.40388099917169,72.32662123389467,19.77479722877406
"Student 183",59.324662813607155,15.334344409575825,23.582543593399482,13.11980734158204,58.82261890853211,17.84038809799312,86.6473132546948
"Student 184",61.993841728283506,77.97771112844546,75.40026738007562,88.31428606609062,48.12856240273358,95.21098428363976,28.019658425901934
"Student 185",52.25160562657029,95.01081369539776,79.05234829360154,84.59895672550228,33.94385875738782,89.95633243398954,95.18262579386007
"Student 186",31.341165748776106,68.51287859015197,31.17825503818023,53.371833511206766,53.172595449974516,2.095416054603405,17.210646276425866
"Student 187",14.475211921444256,25.507650573536424,67.01312594798921,45.8792893760709,28.192696710305192,56.047717042813794,66.97727415477021
"Student 188",68.54359334822202,27.87895001731309,62.4517420490982,33.842482323218746,39.4007684821359,93.99532822770566,45.827386266952644
"Student 189",45.272395047716145,67.42499430100887,39.55300736930303,5.9818595873854346,77.70519090666171,81.60315431806468,3.9313722911342386
"Student 190",37.058813292280476,15.296495665326074,97.71043492290974,24.24742171474497,54.98253989047151,75.72776969717508,3.7654366810713644
"Student 191",30.33729905838444,78.82148271168606,85.40190103159094,35.19195924256836,91.47858419307043,14.821387319819898,80.39823392597883
"Student 192",47.17992299225006,27.175215220806574,16.851214046194336,55.73247740190329,53.86005081230315,24.428940021661695,6.880051440836847
"Student 193",46.88835305313697,19.316303185127058,71.01869041356616,61.23065019953947,77.57426999206483,7.22365693169104,95.25941479976545
"Student 194",52.1285650817203,24.485091619496675,42.84422359394911,25.344392894281924,15.290509962840643,6.965262790363548,86.04331999571885
"Student 195",68.8751674966535,60.92007262349368,91.71720997175198,24.098232793345037,46.40433225696733,83.76894871738845,69.20111967450426
"Student 196",30.815547855609744,39.382668054052886,93.3538531765093,1.7802885454085122,72.43025010411799,99.42507813841972,92.10241114259216
"Student 197",81.50633091250076,77.2874489498865,7.818051319301674,85.56898254276946,95.8757262948774,74.26716461199801,93.01834852269151
"Student 198",10.037647969222094,36.01861571013812,26.84467089170391,5.626210775404328,43.39344154799952,42.35470790340547,16.04729866173662
"Student 199",12.028996449768949,32.33502829659234,76.21055059152944,15.198866836889652,13.90671201670784,17.008357359339023,85.66534442171816
"Student 200",26.851584363533682,47.28410850613584,92.05097595801317,7.51520469814014,98.04148542065926,1.221740532611794,0.5273153029330813
"Student 201",58.110826423305596,58.79669940435598,76.590332572224,34.189635231909,74.97073257406377,84.1344131850027,94.96177670814251
"Student 202",4.103395081700001,94.0093245746304,70.98792444903181,61.54296066276026,85.25181340885132,43.80537391811078,63.18354904075595
"Student 203",65.42694371209188,55.22181733863051,88.23039434477899,45.61194447351361,99.68355556891215,27.428795523937588,32.32619870296718
"Student 204",42.353813390639665,95.27622636046623,60.12212636636285,26.071488423862952,2.747427758775003,86.51125733285416,82.64728712856947
"Student 205",47.51137706069825,29.05386027372877,58.747849049698274,46.14305843135787,76.18055167884228,22.52134240614093,79.64864571408819
"Student 206",40.414905287561446,80.10559753314004,76.71596433135501,51.816726082214224,19.70261006984163,37.904009918155616,79.84976498896826
"Student 207",84.72921309264586,54.128071710007205,94.54896511817074,98.5759143229787,90.54185650626285,94.6281158305735,7.283199225998915
"Student 208",6.509921379788305,43.993476604722495,10.450878375041443,19.93907643062457,67.64296009178558,6.2539849317420835,90.6802103251049
"Student 209",20.348152171766007,12.035828828313424,0.10727011383443316,59.335675186860385,25.521806029579512,9.42087282219466,3.46599032422755
"Student 210",23.125240002614348,71.41860556003047,20.77454293188177,68.87368753916759,47.94218754902749,1.5606612328708844,95.82738696430904
"Student 211",22.279190116888987,99.25619794767044,9.47689450218876,16.569518357048036,68.49047532730818,34.49143280816342,11.788488570589543
"Student 212",94.33508229007751,73.89325921771099,51.78383608962742,37.83678742059861,89.7751858090294,40.32463779449457,62.16735911688167
"Student 213",17.84118760474735,41.391748402643984,40.89523306610101,60.348282256288655,81.56134378389595,69.51814817564504,13.770629018430771
"Student 214",44.2361919972794,24.82653216760275,87.34500344322136,61.88915547354461,21.468726003800583,43.941742827629106,56.556562953208896
"Student 215",34.82115182313237,54.00448137731067,24.186486906713036,92.88564809007455,91.23212494556006,99.36604029236067,68.90055819330345
"Student 216",17.03033756394512,94.07043658333055,51.939954778290165,18.734271765076233,71.48670444925514,65.21476905641337,91.38861323845823
"Student 217",46.12146978704885,44.25744112462974,47.82462713594832,4.441963232745856,68.7880129305628,93.52815996392859,61.87774481522271
"Student 218",45.78627298565558,43.39878398201241,28.398275275202334,56.3935269755699,30.100434138113357,25.06997404633417,83.78522905544766
"Student 219",28.881586614738453,55.09903796136199,46.29541483448022,98.47131253196265,90.63751281681591,58.58517878925118,35.55738371490451
"Student 220",24.001828846903965,71.7583675204186,11.268121973499195,64.38967284474015,50.99575590661107,3.5382657930294217,54.56388719518237
"Student 221",90.71578001215063,5.045892185412565,76.24435698244287,29.551333603666496,94.6429381567865,12.937031909618272,56.93662380074896
"Student 222",56.56905332672038,87.20279338297765,69.94723809389455,38.6292850169055,11.978682790355014,21.271830410148947,21.59981984128993
"Student 223",46.99367234381523,65.71376810449297,41.581537204794664,78.01922975147515,42.49449847405589,90.88702030199931,53.99583492062601
"Student 224",24.454738478894804,72.78508933503235,51.89574570360263,96.11931342017024,58.16737667103262,4.081558447033886,71.17365618896073
"Student 225",23.717590923475257,30.434417511370437,71.05538773183555,88.80192006057665,62.15427137052929,11.106916980476987,24.868654766644347
"Student 226",50.35422673902317,2.472169011635384,31.48562698090639,5.702695242131711,36.37813679887358,66.7303690719512,70.03331194160836
"Student 227",81.12159571117526,4.114033428641237,94.58020900476654,4.873248763535784,24.46515419631424,82.82532755270702,75.44920791401064
"Student 228",66.54666380374621,9.943493464664504,42.66666007330414,22.28705990912023,70.34603582868768,29.578140630358284,39.90935706622973
"Student 229",89.75692500773724,13.348060185997948,89.40237107822068,96.50072065302412,42.82215701923636,99.43602355606683,22.28290447546084
"Student 230",7.18125671353823,13.827125597468973,42.25937485672405,61.15227217158888,42.96209822004722,65.23851283723907,3.768146241691702
"Student 231",36.57093385100828,63.78417967784239,85.61383628997297,79.07645384620304,21.795626830125105,65.97540243252283,43.395255578055014
"Student 232",12.493829634664396,41.64331314476292,54.14190752934487,60.734875422031706,28.301669046108636,45.92065252963643,51.19813860950795
"Student 233",15.084052681966043,78.13657719376155,1.2111763725471072,46.54752617834419,10.633060224224637,9.095214899009404,91.82834864982178
"Student 234",32.54080090815809,34.37013996789177,82.66918783215907,75.20263599740389,34.822608755575104,91.84778169337464,54.040048270233534
"Student 235",55.07021331062917,62.88481030043087,51.54750119125199,54.29471829424166,18.513254192600083,64.82920214862288,8.333617679835692
"Student 236",65.06924500867473,93.39686690642088,19.899834187699366,26.27165487107214,19.64848460614224,39.62200366182485,38.33743593490298
"Student 237",55.93681895303793,31.607181967897542,84.52172642542867,93.03207006497203,57.820036820764976,20.202328673742965,52.38533099854513
"Student 238",83.82237306519892,10.008381698686037,35.12149050655165,60.862176325263384,84.12387016304153,42.75880516160079,71.18157454303264
"Student 239",68.41513144165928,4.049866291366329,2.600071861084516,36.99170034465219,17.39357098767785,28.99283754255557,98.59165753010329
"Student 240",75.66326764934858,77.65849475686886,1.7989013620948235,63.21783508754217,45.94311594598177,53.414098805746335,10.741009342377577
"Student 241",78.74111713200193,85.01182960908744,23.736460537286256,76.76408873282222,82.03769940933002,91.53627439116761,12.15823600493822
"Student 242",35.01933357314941,80.13105514271531,19.903380898021002,5.032276261102332,24.941251985655583,7.812460782333878,91.15058966951071
"Student 243",33.81529342388618,28.841003568443796,16.94574917520068,85.27228385976773,70.65906447765857,33.34954157440308,63.14875000188015
"Student 244",79.11017229330017,88.71607914986197,5.719718472855255,17.50423823108095,16.66045245701805,73.51500060974702,10.368964159096056
"Student 245",44.550112833057504,71.01571395925542,65.02808301765037,60.03493105293335,99.92370009520656,39.95045573148261,91.07927770932001
"Student 246",92.5910206233977,78.11353203715257,73.85929164055717,69.71248916495257,65.29336505734067,16.77469981988701,89.7612821573654
"Student 247",99.16826808043047,14.168478168163126,44.01909784475017,26.994759759480996,35.79007016051394,50.4421464760865,63.921099782970536
"Student 248",7.059262215553326,29.104868194463574,80.16409055762101,77.727652019988,63.37478808118423,61.76994800182616,38.23005092134918
"Student 249",56.348516634349835,65.23395428860542,74.09558232678559,28.324957669514188,82.06145293904879,4.123922709697602,51.978507261613984
"Student 250",0.8773579669864745,10.302010435729853,15.41098532688954,46.04810337498064,40.94968115971139,78.79014440627648,47.154710795386336
"Student 251",79.093729768159,55.28983672681017,16.755347287482387,75.78607467713361,76.80989440925016,41.02986870634572,16.19418547919336
"Student 252",95.39925982715033,86.8520007180687,57.253399070826816,86.08143140442932,90.64306703321975,32.26727756762016,79.86175596605221
"Student 253",56.0969015757366,34.76682043804594,74.22043336216817,27.73971513687794,61.17198357160856,93.51053710326073,0.6548099865853458
"Student 254",46.28844306333478,4.105978600918272,10.326441480166672,15.360460665493159,87.09621307718355,51.18362599971642,38.209546599628894
"Student 255",14.524112244386647,84.79446943633536,75.0969950767614,25.098671479171937,81.08762589364076,18.599098633771817,30.68791539356076
"Student 256",51.044088445846526,40.885415477005246,46.95212749853504,79.94587812347005,54.883011244197775,70.2815133641369,84.05377984362386
"Student 257",4.576137438021266,0.516536377168338,77.76704089048087,19.16919843526266,17.906455309230754,18.557845865312615,13.96901745319113
"Student 258",83.18679031811423,19.81087288545734,98.60336974417308,37.27755520359508,65.06304848991766,13.884909808488485,72.69407690450883
"Student 259",81.97654086597956,23.252403920444625,37.658237871241305,11.057357903397994,66.27141371182918,40.2624247095485,80.52398577377602
"Student 260",7.387727238489933,97.09734107198547,79.0638989723355,58.97949949398663,38.055682018289595,60.200433916230224,61.20623594517374
"Student 261",83.73053628544375,57.35073719400137,74.45523913165324,72.76409748150358,2.5815765191168816,10.275049451955308,51.83028580244908
"Student 262",27.399762258642024,43.41465999842152,84.82663718940385,17.330178814597456,72.67404843582625,0.7049278903186083,72.5596145724669
"Student 263",86.88150507744015,6.413349106599727,40.308903032592774,29.004241654024877,69.89877739271257,36.37626782198258,22.53807186446818
"Student 264",26.695323934140948,34.13218216635616,15.906769478365549,69.12056218587045,1.862248008709613,80.0932859517606,88.68612692899295
"Student 265",27.827841019214798,47.52690507186555,30.249507305001018,96.4184063799192,92.90777561185023,26.067971860970022,37.667586387145775
"Student 266",42.73457752634411,13.132972840282479,51.54877945364328,66.33206794339132,22.75560432220783,14.127977003395447,87.13439218060701
"Student 267",53.45047311684811,13.172218566568446,84.72140858265936,21.26132209351436,46.973991857840254,14.721423074118029,24.218747819906376
"Student 268",32.53492618816073,26.152030132446473,88.27855084890547,76.99940800050092,22.24608750228709,36.046934404391344,14.393428140033976
"Student 269",56.01574532413546,76.49404430630275,7.346433080224307,4.181542529484956,53.699314004687515,52.73184149701572,15.035098736005237
"Student 270",48.484334733831716,28.7412377066829,77.26113240666378,12.233463520572382,7.298256879481567,75.1233665934124,80.10028743502798
"Student 271",12.191919903564337,95.01103329286885,44.11901703381346,55.7275525649743,27.76216024998971,98.73474901694512,85.54585183420957
"Student 272",51.10623064936537,12.524686404296459,42.83195321762903,2.719204036483423,37.696053469041914,14.585264399853418,2.6340274123320717
"Student 273",86.10706524810654,6.316565057185403,65.75899265041892,43.38715188468923,29.95173442099618,53.8717925075661,17.256950724181756
"Student 274",84.41754021526377,16.594820829034255,64.77024733063932,34.063927391875225,33.10903456177184,12.184741665358874,68.00579045820315
"Student 275",2.255347862393584,31.685502805452753,65.65751039642717,0.9037000212617106,53.44833498965623,29.14040086509848,17.761213181072222
"Student 276",40.53327917226663,14.19421843177294,9.214917053270662,74.61456958206972,93.10723454502292,58.26762792397798,64.79681559873868
"Student 277",75.97545776876271,49.894424845307675,23.093811863370657,7.026861176231225,25.834206883577863,62.95023335088544,17.033586086459717
"Student 278",28.67553986956008,58.37432997727272,86.07029361187664,43.09391917930322,12.354946216520919,24.46647800579183,11.485919576114693
"Student 279",43.83121818234872,80.81218191516056,61.72994956211352,25.680820471695537,5.553891631278531,41.38666252120991,46.28913528316537
"Student 280",88.293810569463,92.69912746362297,85.28999484817096,34.361915364569526,58.6651198344543,57.115094184005514,4.993265103676492
"Student 281",65.77726345169556,43.719518864431095,36.23596174917602,32.21763800425372,34.430467803938946,28.2186529648285,60.302084027866144
"Student 282",96.6334502745181,63.465376980531744,70.38798505566854,57.249698881290534,48.54157474647342,11.658377707066498,87.93775299344408
"Student 283",55.2914899268136,17.747870798164225,46.10557003447697,58.639923301807215,37.90576164904678,20.164511773848144,26.426119947350244
"Student 284",34.20089489816333,67.40224321446054,56.871668412580654,19.830383061916095,37.69755856024754,76.71556403586578,46.97571143453291
"Student 285",55.32898870881201,86.32431395365568,63.28738842002192,4.766622067231232,2.797418334736355,27.48826986513358,28.4692739233689
"Student 286",4.542513120226883,31.319723260362686,63.72879596417583,2.578598819267496,8.342022108289115,35.95413987099544,32.67482973680459
"Student 287",21.32882119902531,65.86844227972577,73.16089243738459,85.40285712223707,23.87816433797425,77.30672582906097,43.86175758897979
"Student 288",90.70279920079797,76.09807652798848,89.9118223243554,9.624723053349596,51.04783601243592,14.588721735920318,71.48939871639685
"Student 289",8.56641353091764,72.4753752163652,94.78438410883768,97.64435675511281,20.944798932931395,78.89015233270551,7.7888574555512555
"Student 290",8.964243277419477,81.91963725775638,22.756474237846675,81.39873887502326,13.240999424253058,80.93735494536564,26.848357474557016
"Student 291",23.600175330681715,26.9035483039618,9.712741468317637,79.36769416597434,58.5106339538343,72.00123677529692,96.99530340704206
"Student 292",47.97531512891345,82.44442030298663,68.63796307486705,11.389395643173996,83.45484122706146,26.955923625423495,16.555806214640732
"Student 293",32.717683270404365,85.69993046387194,73.97368114556876,64.15704301443567,5.713084908176894,84.81536705928315,20.39379630484991
"Student 294",36.90788802292695,94.8067560448344,42.24739066322173,17.04244050675569,40.36980495636924,95.59754119207508,69.6268955229975
"Student 295",56.10841297987656,89.58497099076126,5.860292345759003,24.488589166808673,93.29899373036348,51.351172117323976,57.950538692683566
"Student 296",66.02357375151973,17.706743263951356,74.63509368680866,88.19740707815627,3.3053862780873864,90.39494314381709,31.5395115060287
"Student 297",73.18565743871824,23.43909542913128,35.7357685479068,8.268920993395293,69.38094194199056,99.10779805615844,58.300567963594006
"Student 298",59.65536394946089,73.31641353725213,46.70637443837039,92.61225965497685,63.447991144675655,13.896182608598984,80.31241721130264
"Student 299",84.79289143176405,78.05537601149106,83.27135831564499,62.522101906004636,74.6977200424709,18.69502137135597,27.05074896315791
"Student 300",21.62627774328973,46.73878233458247,5.889461782363446,37.03711120006286,46.59615396985005,70.82575407604618,70.13193001965233
"Student 301",80.16522121420557,42.37778633047304,68.938161252698,5.5476159945461765,32.638652976019564,73.23785292813082,58.44457872560527
"Student 302",4.716675826120127,13.535426450035839,19.143772149324654,38.07662640908833,27.893441518999367,58.07757326945253,92.03659395212507
"Student 303",36.645621454505644,28.20948259066513,34.26334716751532,31.101458052508253,46.29919301852862,83.55145343342802,84.01910587073445
"Student 304",54.51341493233994,81.80372082599308,5.091517479619936,48.82524323092427,57.96982793420759,24.163343659911106,29.866003369115163
"Student 305",91.67989076046248,65.82165531165828,92.18222510127583,51.819520376155516,94.86000965137056,52.324423578406,79.78391909633375
"Student 306",64.67065191257655,2.0825938918996116,84.64181208772132,79.49689061048323,34.408684732307655,8.320922569153586,32.11029598156897
"Student 307",58.74279509813045,67.73724952560246,76.18075265729696,98.36291717907024,13.100558445846444,62.15606298325294,89.21226765437181
"Student 308",0.7623811947942312,84.15679237287846,21.375364297155727,66.43859411317838,59.77900916229309,36.39315203048105,76.1246238471
"Student 309",26.747802093593986,58.93309011063145,88.37683114545402,5.807425226204808,18.751814573907716,53.93847830053389,88.04106210115977
"Student 310",76.21126657553548,57.787629146806594,71.3367255408514,13.015685563803059,97.46047915814822,61.483496811396066,5.904728550517585
"Student 311",20.45931834433856,44.58941205537818,90.50333400907242,79.85561575927166,79.97931976760869,74.36743281283589,57.97817814447295
"Student 312",88.0634485709187,42.18584571430117,27.674235010645905,3.9313758088471866,26.657342929719274,41.32464049939421,81.62136189196407
"Student 313",60.012292138463216,8.002238332228321,5.976090336007856,70.66220704769319,31.881580239276815,33.59126124625378,7.680300597543726
"Student 314",59.52081994537587,94.71767518712943,79.40587806441378,13.440067433287627,47.907751084684435,46.3158699442416,37.23055554031536
"Student 315",1.0855624035846547,80.12799488589911,22.597227311933068,32.37391103221043,64.61084348030714,48.96761448150821,10.381180242766119
"Student 316",67.06116400201071,7.853569230291433,48.75607305029461,44.26141163326263,8.778208105857942,97.98413992151055,37.380714288119854
"Student 317",70.61700293726285,53.94446552855584,63.69202110245516,88.29655939516834,0.24109161546503208,73.12149913009452,6.899828042602726
"Student 318",26.430553618839213,58.78296899820208,56.50503801925002,83.83524156562582,2.9039051748949363,22.65946811461846,20.727861746112602
"Student 319",56.94636534861351,79.3020864563156,81.0896617798249,2.352972430467561,63.441576171092684,12.233564487183717,25.863150237711878
"Student 320",63.23263077492379,48.51782372588509,76.19112194081016,87.4754320100042,22.316411454226166,25.238260508381234,57.511562993794975
"Student 321",73.59751289288532,21.547667266044876,24.60485543482446,3.352701027283917,65.45824839295153,22.515055132858816,81.19477576542067
"Student 322",84.20114318928746,93.1537567524259,68.07859296588948,30.253961984867335,29.08598157807207,52.65586354843179,14.23486098464371
"Student 323",33.44987861460601,46.0011130921923,70.79108997733063,29.813627355087895,29.333054121259817,86.62248074625121,25.949304684233336
"Student 324",82.86790203350225,26.061252761189284,1.907219706811683,62.74819749843793,32.70119223294992,45.07125268630377,96.90644823112136
"Student 325",47.329578323610534,32.47575565735789,62.88226070657723,96.38261226317863,90.43463332917761,72.3706303066691,55.33247738338017
"Student 326",1.0026687415400688,49.24561974348974,2.721738719494752,43.62620574513227,65.87705799765733,41.68496019786784,63.411649718655696
"Student 327",26.989790062291597,22.438812062539565,74.21120982410444,4.8334707052641495,97.65602759805148,87.78259103994202,72.57063458272644
"Student 328",22.37421641332078,14.646835206139292,37.64131266220231,93.30718073873368,62.603255138884606,87.69234318876175,31.06088975847679
"Student 329",21.47698925786719,93.45734350632502,70.15329469148102,43.80211718685034,16.3867471230628,40.87855182274046,67.48458356569057
"Student 330",46.773361686182405,40.181936757770984,32.665804804702034,19.109982102933273,26.762620515970603,36.8748073013782,43.74469747392166
"Student 331",98.78749266226956,50.94146273975885,19.287836240773782,28.525907932743124,71.97241042525947,38.90635862931555,68.65536332116181
"Student 332",88.63845157874096,18.185888643707962,35.10467035185088,59.5478642899902,41.59866434187078,26.586507287249006,71.0000527577331
"Student 333",27.29935853848221,51.37857685645181,63.815240229071435,50.36288768501055,38.804828202310574,4.669544599009282,86.27778271758628
"Student 334",36.181717409296965,15.762675453504785,66.65659188892336,83.3459864576139,60.61859715776067,78.40702249536916,76.98527884934386
"Student 335",20.045783156362457,68.10719775422493,57.1134554312391,17.267301605351097,36.72028527415486,93.00274452721068,18.891898701466598
"Student 336",51.142377237983226,29.813540299169993,29.91826062480672,94.02156099059779,27.830970747975847,12.718077288830514,5.330305923603764
"Student 337",94.53585936901561,93.32092507272043,84.07033413318553,53.54304899560095,36.39920443699157,38.04869473941835,51.21667103510787
"Student 338",23.700154711310315,81.05689885952113,5.386799948141735,44.6213392191327,29.370425603324097,97.86134297288869,43.50165712346628
"Student 339",57.82179921121936,29.04954742151147,26.692801228316267,66.28845902662705,84.00476269615909,80.6447386409063,97.1147844525384
"Student 340",83.48973443816494,21.32971341198855,70.63292470973671,25.59137235581705,69.37899929445524,62.805421008362515,82.30135374097611
"Student 341",90.00715674870214,42.388370947741755,38.967122452111006,22.268029980788064,21.915442011122398,18.453063514063324,52.130886710389234
"Student 342",51.65238813921719,45.45057422714407,44.26758602253708,8.66791237567298,62.85950675309484,79.95021054704875,77.66180560645444
"Student 343",12.476972769813754,72.28977650115093,6.697171995521605,74.92097794422793,3.750998901162895,89.2354529895144,59.22319406120544
"Student 344",94.4109405924492,56.442044016977924,18.61755411600619,9.592761571362814,62.6834810829627,76.5786176528003,80.55346439479166
"Student 345",85.4168072797123,93.74705084603224,65.74715967662428,23.537411376989915,83.37452712466819,75.51445608785824,64.34438878485005
"Student 346",53.72275596475779,40.60738884672265,78.75146661423088,38.98578534849401,38.17099202084789,89.7089192006837,4.442206913373903
"Student 347",67.02117472465895,11.539633778413883,14.40935430817118,39.87165157687315,99.99939264216249,23.880849168418152,71.42963886501065
"Student 348",35.98617075801724,82.00943110292343,92.71422415751476,8.715626259984715,41.707704042498534,29.057029462162543,66.78170662371583
"Student 349",8.536229729737014,51.88170196766144,45.663907153982876,36.82572797285508,18.611247951304,28.89502890885443,30.124553514639768
"Student 350",88.97323551479414,63.46562983489707,24.916880891053935,6.101108637539887,56.68658925753775,60.559651482890665,54.50816079763725
"Student 351",51.77334999677673,42.84807575593212,15.096160306631322,22.780622075160505,97.22467951575643,23.12523594746517,20.09289339770246
"Student 352",9.88821125009193,95.4279093674876,75.48283468003348,99.72304526144038,12.716011902213872,0.3077537471857813,50.52177738810407
"Student 353",48.68617070943338,56.489038173008666,79.84348421292758,54.4453276858783,11.617358635652959,35.7385039050678,80.8604025380813
"Student 354",92.40446801176736,28.436974171727087,36.628199261485776,64.04411029469092,48.71594842387008,31.282065250150094,88.7014250537252
"Student 355",84.08131476008714,27.771444302737315,79.93994158170204,14.63599339275659,13.09424187659983,82.99723062052176,62.91760139805875
"Student 356",94.16132475464116,74.47203752440484,20.63563814617956,20.06236311401857,83.86315913367964,32.897908475087604,36.216541717007026
"Student 357",97.71601423195946,46.26089627648696,30.142481858138716,29.86138554564472,20.520452745250104,62.43039420490889,18.6391571118609
"Student 358",43.96388058349477,8.106402371304453,52.044095389232346,45.15909982987983,15.892418506735334,48.634027089477186,29.930895108580575
"Student 359",56.11687054594392,91.17187799633832,66.95330804778476,23.978733531340048,87.19540895644823,5.53902571928849,61.93938137642593
"Student 360",19.626683792430043,43.49588193329393,74.24650034093469,22.555387084117413,57.356392571256734,4.2464324607644,83.3419748870395
"Student 361",11.842594796351445,39.08457505522496,65.78527278940201,91.99084666761127,62.62040990908881,44.21454356812335,34.27455579813582
"Student 362",25.771363235555512,94.66781616408507,79.0209883849117,9.241472591296374,30.066224626094883,65.65030663336461,16.865311833551484
"Student 363",11.056536176904512,0.9269753778720934,55.590617302751475,33.277948863572895,44.296384432222666,22.223680917960962,66.69408334528964
"Student 364",95.43613298468243,45.5589321092193,73.42215080862469,0.3109809373068749,36.96875747180147,12.096145198175824,53.73062317620614
"Student 365",43.44057225549891,89.82270673719587,91.56931075908547,49.67271499851825,62.978744153721244,18.25905686578581,67.35280652875446
"Student 366",25.451121714542747,40.93378963951219,94.94854591999014,77.78930518219804,40.39739146281113,15.578751345022107,87.80064247422214
"Student 367",36.24034835490988,9.785912630160569,29.38874318589868,4.062395149765198,83.8032017123228,55.680189204737,91.41801768527762
"Student 368",15.78722742271372,44.10234826539187,2.122694499082436,65.97184482760659,4.697300895618601,54.640046545079954,54.260550842231304
"Student 369",53.83409585548079,43.54540242747796,63.84823659926202,29.60821901258451,72.60871633845201,6.265045843609422,96.26113920984677
"Student 370",47.27748204194916,58.78517062023584,84.84102619833703,96.37515572851414,17.947925569770817,91.87161115420707,39.95526079269095
"Student 371",70.02999672626527,29.889113076472096,96.19626498863975,6.471171614767972,78.74136736700366,7.96611333523204,39.009970187056474
"Student 372",72.19209180751417,74.84438336609895,84.78404343213651,14.217862314718015,18.881966348551142,78.32576687957456,17.013622008176174
"Student 373",85.77768091020694,31.53740305589835,84.512069691721,6.76144186952999,24.959713448796638,7.116700229557307,95.63318734388352
"Student 374",9.888527498575822,7.596729103149902,58.07279105099102,79.28891639560864,84.06900207140893,20.088271202688222,24.007557693785312
"Student 375",33.96209295961198,23.54953044016228,11.46916197229736,27.34826270949325,32.530513539020184,84.00684504276185,86.9759028862774
"Student 376",2.0711314061709696,45.57854014389221,49.26761343659468,66.54842599333651,68.80908442907614,65.62733928108524,22.914751774156624
"Student 377",0.03240617325877153,96.2923484752065,45.798182093138834,93.64039564448129,8.194944761589065,77.38864695123732,40.465009095217816
"Student 378",89.90927251512574,48.74596437396971,18.426907329894537,46.64035127024167,6.118617905632669,9.085401224560247,27.082814973993507
"Student 379",72.49543282243397,41.61934762379901,58.13783260002855,3.6404175450154117,29.252398047602078,57.97826429803421,65.22553184244366
"Student 380",71.32936569642749,83.0095483107201,47.879561647648636,3.8129191926369876,59.08542980102565,96.88597058281657,43.25913008780074
"Student 381",29.54580566644817,23.060007932308356,0.6956575032758988,79.14521518590391,39.58427845699982,82.01578182489826,49.579051694546514
"Student 382",89.27181294843142,75.84712124972343,8.793809570946047,57.44293070146234,41.65495834922588,28.06384063786531,23.17760173898324
"Student 383",77.75856029266096,96.29705504645621,49.92359041188642,73.14427924049461,85.87905929818128,64.76093745672298,14.022246251216094
"Student 384",53.48545677214146,43.36553075677384,39.31252620034804,29.206763541152164,8.751881480105679,30.981767673761574,99.03405900379735
"Student 385",92.29577406712244,71.64625104052094,32.76274325874667,91.54664744330564,16.585758630181722,56.408573961217776,31.17572168350175
"Student 386",5.774013533339806,65.56002591094929,41.115250269590675,82.61028936959985,49.81494037105234,46.84954805233467,22.735910262692123
"Student 387",52.92662578234625,38.45435070389754,99.77775979144539,79.8318515053339,73.69372785438323,69.10933845018373,37.15148759723612
"Student 388",36.883099923186876,31.252043818336077,17.819539851256934,24.04768422122656,39.31689162600714,53.465769689227415,80.42703176217151
"Student 389",24.658881001896543,15.11919194582837,81.27467938670088,10.932224690532237,64.83674172037084,74.68831790685027,59.7347849533341
"Student 390",43.88380878775129,14.081533709689658,66.12867648037502,87.4909895031265,94.68215448283718,11.367185262548317,66.73389076815738
"Student 391",67.8004278431259,71.64686036653785,68.56482802932207,84.37236412447497,16.156315117043764,17.47608987616746,5.832587621591562
"Student 392",78.75654245208811,52.91335442144523,99.32358614291475,2.2517749747020894,84.04315983057124,12.012425181703257,69.7874712497757
"Student 393",28.859579447534717,22.716487698017183,85.49600546941612,35.8216877339132,27.26673341167511,97.63005348037407,14.779116851381147
"Student 394",20.20630321812537,6.493853053189793,98.76789455364346,64.37009858969135,46.129661601225855,23.326755652767257,66.88632345402058
"Student 395",39.82911940235103,81.50992079246163,34.90827409095655,91.81944257034235,36.360415460089975,4.933020953197524,76.6999972437643
"Student 396",80.30299312942162,32.92456465514242,19.268256224855357,22.46097644621062,6.742801147810779,11.279557256586086,88.78670993811397
"Student 397",34.97026198697809,22.75167302006586,24.048857240763393,76.81757136856746,3.237312905343772,56.33572631235529,99.33944768548353
"Student 398",22.68580050685191,52.503871296353054,85.96155126670007,55.2577467579179,87.6182081916689,18.593767896987604,62.96769168322014
"Student 399",23.314777544765562,42.15045387643385,37.81922714130052,90.30796862507377,58.40948835771103,97.65218177527169,0.9586489367389832
"Student 400",7.72636319562675,76.51718931847779,48.45026840085448,2.9808498122881897,29.71078020268675,41.92174327905272,23.92408356989713
"Student 401",61.24876260383115,91.57947039776894,95.29557208175446,31.678836856558128,73.73065863145763,31.35306034978061,76.83205367990483
"Student 402",60.68111864545259,0.4745573950834317,67.80567266329749,47.09488973719066,81.74267537295002,28.235692997949975,32.18064589940573
"Student 403",15.18691150239471,14.015505483689495,31.15290918184477,27.650240792104746,37.504094351757345,6.3775494464204705,56.00788522456342
"Student 404",11.815936582028835,86.22727741875747,13.706746981088866,99.12735263014461,66.78303087931141,65.72644170009248,72.45373186573829
"Student 405",3.773165123644742,60.38582872031586,65.62996129680388,63.01855206211048,0.1033862208976174,75.94751588266651,21.258737135485678
"Student 406",92.61032231105665,89.60495788162532,15.630138030133175,48.46106893268426,44.521868578309345,75.56788470245091,67.46052019716439
"Student 407",65.00915883604745,20.762317944733795,30.134835447015867,47.653410777023375,54.6169042217002,53.50368333312838,67.75770144347386
"Student 408",51.09593235189524,74.98920919184157,6.569416613136704,53.12962947764661,5.017003099582739,80.04106271300509,0.31285699128082584
"Student 409",22.704995220479823,43.18762183243129,71.70687342782969,36.07115635008426,10.067625577898049,15.582395770012983,28.96580743512665
"Student 410",13.994124606681643,8.499401679760744,15.851546375449088,60.98485620168949,27.780232888171497,93.72317641027053,29.005546123737346
"Student 411",15.937750214355637,12.157387367312035,82.62529885278407,9.784928586047863,77.22736770562881,72.00278940329672,34.28089477730115
"Student 412",64.28852837414667,27.305819083884487,98.53563260186829,40.08144609192691,19.7249403039055,44.315105178637474,51.32950661485965
"Student 413",7.632540877566678,90.91006659255022,31.902769361204452,69.99706660699805,53.583860629177714,3.6000815430790722,36.404482564482464
"Student 414",34.94538322986906,90.47652712102257,22.6640843469499,31.7006806215131,54.54365133956335,22.08277921278618,23.89822773256809
"Student 415",1.1251409118372104,80.72774018864465,97.18915548174787,64.1919392423407,37.32321289901442,16.790378724356263,58.342351566054084
"Student 416",49.66542397658931,94.95610549968623,9.51404757949791,90.35773631575262,32.965091896229325,20.722051805411812,79.96291374210921
"Student 417",95.31320361810187,24.36905894462467,92.67698787781474,4.807305835625166,42.06749853140909,47.21559092559408,15.72687538884982
"Student 418",77.63296790932684,94.66861927416643,43.33190731115435,95.13785838528503,87.384506234808,32.239682670377626,7.593382467179451
"Student 419",49.457416534991445,79.40731953993065,58.622432617050144,16.678582549982522,13.0826428590418,80.82013600235132,24.121639570194443
"Student 420",3.421209493123566,79.97250692394738,21.481289132615345,0.6218510362653639,77.18394189130927,29.217057430377498,93.32301811675843
"Student 421",48.3796752997393,46.54939920187514,96.00069706320251,21.01314688420421,15.680147756069443,72.03167574412494,22.305216423474413
"Student 422",14.89620760039379,57.6502063900043,94.8232726353468,51.911881441891886,78.15853947311139,49.6363384633495,4.40047929376465
"Student 423",40.505159564417994,52.67874395901482,29.83581583576263,60.29973718946094,9.588517164476286,17.603540332645245,86.54729509979295
"Student 424",81.52351329649854,57.92152427670789,13.005517779283815,98.9461056592379,43.651155374635,91.85142374939699,22.735368052541954
"Student 425",22.683364085159038,33.15157379434113,81.96990778329545,63.1973487721778,61.48902034053037,20.073066713564085,46.02850715415154
"Student 426",43.77212633533436,47.283983281138994,47.88350763480129,36.385850880877925,43.725282582866456,28.61132689156066,66.90235048067277
"Student 427",86.64677120351358,82.4812292358722,68.18683703615322,90.0253924301464,10.860760613295263,16.435574120177858,4.654918929796986
"Student 428",60.92600260684774,66.4129565537773,68.58980323133453,26.228377439999573,87.8277978085443,92.2188995102728,25.447579768884598
"Student 429",45.5330814089652,17.489478296658643,45.099509328088786,58.27985107436974,11.892533594816927,20.115602246277962,32.510500697180426
"Student 430",50.2395871351495,3.50157763651135,78.06361378721829,14.5157368826264,65.7032366972392,60.431592236726694,86.53627056872757
"Student 431",67.93334788361352,12.797476811927474,90.49241589834014,59.57257903589264,33.29737113123778,22.828412806664677,93.95055127688245
"Student 432",96.74460105542313,39.12426611643618,86.08948944125775,15.628089496969718,77.17309623837498,24.00796986416729,61.51854458055992
"Student 433",24.53846744360448,60.339369955023706,20.579995582610586,84.0377638764341,84.91961914230967,53.42125328687373,92.313091407622
"Student 434",37.754725088597375,81.29033955718623,49.91397678876367,43.340371175230715,71.36667689339036,53.07918212034026,20.15439937692543
"Student 435",24.599741211352047,12.009438130745078,10.142403184482612,17.906278648510543,11.222589804430356,96.14626494073968,69.38179702221561
"Student 436",73.3812987787018,19.755756345320137,95.08928651371215,94.86393275791421,95.22185007428135,63.08290448029016,7.60943132899356
"Student 437",50.70754513039027,66.54880185874762,10.50201732630931,99.21216480819193,26.695897216410536,33.97164458007119,83.05374977749463
"Student 438",24.744162273141068,19.440588877127215,92.4810388762009,65.60485036088619,55.25288349591291,21.332081485433164,48.66793958221204
"Student 439",3.528056142891404,38.97657981694155,67.66822425173227,5.0943437920221895,66.62461850066504,60.182608552727416,93.81914036960872
"Student 440",26.41544927683892,52.291404979086074,23.88347510936875,27.050019758512377,36.08336404074782,79.94980598765407,77.43959681445553
"Student 441",34.85074492169461,27.349135237584132,14.618780443491675,28.275530950612982,66.15882713865577,67.72627246391089,19.508177579814898
"Student 442",11.591209796390407,42.732966249343654,36.019133280814685,87.38997265249047,15.063577761712004,86.61626991803666,97.82544188185759
"Student 443",36.32503843456487,83.56474973367509,93.56133954344075,15.582160731579512,98.86699971826485,78.6682738165141,96.70570644516245
"Student 444",40.19480704131003,57.64677383849657,14.579027718087795,38.720060613743875,72.38351730252298,46.340176157739585,83.68840645191689
"Student 445",79.44561046018184,18.940594219301936,39.262832701964236,58.120620009511434,80.59239518320412,25.06647442884772,49.67231814068076
"Student 446",16.76528508291173,14.290802539849757,61.54322554058756,49.306309025859235,98.10851334051164,86.67646362291879,93.0212827573195
"Student 447",68.6582584741786,61.710998983880486,19.871870641882545,64.56124063389316,54.85954508945425,66.57370877044588,46.0029845889484
"Student 448",36.24971330358986,15.945268092671233,3.204067300406635,89.5602836325661,61.45025506815408,40.76461057834258,76.69912401018212
"Student 449",94.14537541486168,60.55470386076579,78.58324646235761,61.915214916024894,49.45816621075554,58.471858898894666,50.30618653338929
"Student 450",18.861700125719494,23.552453694391414,34.66359504656583,2.2931002110208714,64.04737760368593,16.35250834093968,73.72530318974009
"Student 451",79.34332653619803,56.294608223203326,70.0179274396188,42.521536315971055,25.803744048383454,49.864604489988636,60.63015914571201
"Student 452",99.46166207298415,80.62802149786503,53.61885443015842,79.49520411184548,59.99626590339133,70.21183810792137,35.14370471507098
"Student 453",41.007223731360874,72.05420060334818,40.22176953732014,99.53704610046944,37.55600074646222,30.104144279448825,98.90647428295469
"Student 454",81.2892688423342,82.47960329625941,47.98872730512234,90.36489298940474,67.88482639098635,71.93962615781878,7.268374545311721
"Student 455",36.146160104125656,67.0233738807947,86.50504714330742,28.214883950270675,25.627940251541244,57.66569347631213,20.288065270136137
"Student 456",10.222450322365507,18.722730075029727,21.285391983343462,43.75974185527905,91.36786548010994,75.49104316925201,6.845257853435019
"Student 457",89.78378843930551,95.95170442804033,26.061520791247567,52.453543362617225,90.66342237545027,10.207700981047434,35.22263210529158
"Student 458",25.116518772621937,28.38116227736334,1.8699056704564028,68.23288444493056,8.816444188974828,70.68045492113784,7.888984066239796
"Student 459",88.11958780862149,7.565149731725029,37.31039441137018,84.36553536850657,64.49080324985066,34.753365328938564,12.310977731550482
"Student 460",23.46304899531386,13.296734482466462,18.520384518257266,92.30247330395329,40.330174980573666,21.487707566160914,20.441775088619128
"Student 461",0.48764357626160104,68.83755962124673,11.496579845626954,96.7600549852362,76.76047846765881,81.59549936843388,54.50805257462632
"Student 462",45.09918008035771,16.72486286717037,91.01236294776498,97.72591096101581,13.90681057861527,32.53546316610236,33.89110177856487
"Student 463",51.136032894814555,59.201480268824284,0.02912811650053708,50.682821565839944,86.74420878907664,39.675434503148075,35.86677134989004
"Student 464",92.04291658915275,98.37472949204964,4.044145507975268,26.978701069976868,24.813171499289886,46.05358553436859,84.7646735371583
"Student 465",11.833264284228859,16.908590401141822,74.74804629885378,50.830023584101255,16.50013402254958,80.88835873272275,44.54565970692413
"Student 466",21.66153044773018,37.794668845014094,59.34001780341569,61.43153464781199,21.402812667570416,23.267430870846887,10.298095711889793
"Student 467",85.4205863951189,82.67176656433529,6.560189904327737,32.71883111107045,3.8000575003466035,84.55730831646184,16.862141297123898
"Student 468",62.43548995724913,88.00625558974353,53.65948416479569,99.27808011419542,29.4231393286173,4.6875535634171275,6.239018130165964
"Student 469",94.04713978894918,85.61453929566713,39.67747024045543,93.85500768474556,21.23839371579235,6.915992142664193,86.98174078559187
"Student 470",66.17203669228641,17.094593946905174,74.38325269740899,99.65803355417766,34.65124587256401,73.0122844914344,12.802748609375431
"Student 471",99.32582387905177,60.92035160752863,10.595212894448142,45.687592212849395,96.66918074594626,67.89317677401883,51.32768165700223
"Student 472",73.09447551310294,14.515924501623214,46.852520663305334,97.48713651733387,94.68373234108,47.70468683483586,97.35698046040841
"Student 473",92.95787649444395,98.49224913485901,0.6067899123747986,76.94140673478395,72.53422936449128,83.08427629767512,22.969887206886412
"Student 474",62.7478136842633,37.00495583868226,9.21639849032928,14.386922952677669,31.142045462214522,46.62841465535515,24.322051203238544
"Student 475",93.00650802349847,62.78287544648074,72.78035884540081,84.27143986958507,26.83405032297397,67.51449630227182,20.094557294725117
"Student 476",74.3981897132878,38.86633482675291,50.33496926209264,97.32051911939715,89.45394998824025,52.8180753516122,89.12959313794121
"Student 477",75.29056575624502,81.72198035904015,20.26071057892469,61.63360977680055,40.25114525765126,92.64833122254156,38.540355492376996
"Student 478",36.00481433740252,30.429408524496704,50.59837042430697,84.01017887190156,6.96756327475694,84.87264095433274,92.47779233721826
"Student 479",44.21291675647811,49.55044935266136,53.84747417057402,48.1743506601382,82.03616213843176,3.273084886345703,97.18909037496506
"Student 480",38.51183387122949,92.99513039628971,24.735124233191925,30.872999114217464,90.05544643170866,10.077066277035128,4.118326416764001
"Student 481",91.44623598155837,64.17451683730067,84.72106861165899,17.104849047552666,46.418851475718284,47.27563949433946,45.347031007180476
"Student 482",12.413413601171214,10.338185679592181,31.907554091144142,69.47071525069913,12.865885689335526,20.220680640237216,2.2021950501779872
"Student 483",73.04366321451408,19.547552391064677,61.692547754242554,69.15631878198747,93.99091070771091,89.51323349629594,49.208590359191426
"Student 484",47.27600514918359,28.0011238213012,17.748980630073426,29.062729398176273,93.29113821708992,38.00170838944718,20.28589382835728
"Student 485",11.600493976486959,47.58596356269776,64.97496830954675,3.8208168831989435,84.16606524191816,94.32518535657042,18.04979771415084
"Student 486",35.92527646290231,66.45731420725072,61.714915366021074,72.65373383991664,85.07424664907897,41.036966461952986,75.35479667514271
"Student 487",85.67570758176285,0.5564901243992373,19.31045818324822,24.120185746493558,89.86223671157528,47.2268605593506,97.09176971888542
"Student 488",45.07431953464837,8.483507164196851,59.300722929113704,38.80898912340718,25.866546848355476,51.509943845306296,18.256024170943707
"Student 489",22.642851814105494,65.49777724434126,49.137479654762615,46.42134885054798,54.60978686892379,78.20381379256253,42.49386211575236
"Student 490",91.49638833212943,75.41021681701164,26.142098942967014,94.55118180526017,19.4486405354935,17.60924621008319,19.3292270925466
"Student 491",33.482620903003394,74.85787885685902,39.55298530487368,97.06223343734803,9.556186200131995,93.17138663471594,44.341688262327125
"Student 492",5.058351185646933,88.27495130931692,36.943786805915565,27.32965491416948,52.882648141238434,80.50519097790274,30.943076181428946
"Student 493",41.14856156422731,13.675872713665512,28.99499239987524,7.905974284385407,59.19086504912931,17.697859108536413,17.263750611456853
"Student 494",22.978058805637556,0.9516579799839168,85.24435336260143,76.4787248050293,86.47897220876423,45.77719392645864,39.1066543096887
"Student 495",13.887857777751861,68.95395273222374,67.18753881230451,56.711230266860554,17.07120386094073,2.809221288954888,13.234904009887988
"Student 496",41.2432202201794,32.374993449729104,5.774744151832365,46.859079379247476,28.318166309866122,82.42780254809519,94.14300849546544
"Student 497",47.81140647550551,82.15790641807442,16.6619625925195,18.116492824189937,65.56225290253887,60.05785451972544,39.593718077816334
"Student 498",80.63985245874701,36.75308023869595,89.93900263848822,38.551636791670994,51.401201909135885,47.96048747009426,11.596606303920863
"Student 499",19.974652149649447,42.725903350628855,53.81119374660778,68.55203654391458,50.55936290021007,50.79858098470227,25.058131311295796
"Student 500",86.28160056356684,63.88345646516002,61.882531709557966,82.75161312382467,20.981603110157824,73.48614010239712,36.61303554942211
"Student 501",67.31705286271054,72.43023645627056,76.7650206937594,60.820886953435796,72.59240270849286,4.492023948440559,35.95102801482314
"Student 502",60.525694878275345,35.737418164733434,90.06248290387408,41.714777121350764,91.8603866781546,36.54909516789658,64.18948889610134
"Student 503",45.3392470375542,2.225298435968904,56.7144428484631,46.65081955545643,21.742203773911356,37.5456337367466,71.09452647912532
"Student 504",82.14582761084681,13.104203886197304,97.45389177726754,21.06718949689616,92.71268953802951,18.96281288564591,25.142900415845236
"Student 505",31.55609152260051,92.81869739390301,94.26506963377433,86.61392093018398,61.0788017980722,46.09841631935077,44.493641444051136
"Student 506",22.547812787214202,47.53098040807961,85.95944931553696,99.8983369464202,71.27489952390965,43.593904160278356,40.92371053455144
"Student 507",33.62490723988299,96.84862390163734,94.6081161641837,88.78191347856954,78.76509274566376,17.216852124677803,45.9228103113055
"Student 508",73.5883793001309,2.407328057817291,11.805016925975732,71.72735984895648,33.9415925144532,40.59058845588512,13.595522660701768
"Student 509",70.31815953988425,81.45139178668248,69.05319673669223,27.686684819718106,57.202068102426416,20.46830034647256,99.18618675125828
"Student 510",17.437208220632204,69.74801176302122,47.426755530069755,94.48409928006726,0.6608385902673505,57.57659595014205,52.29453968716834
"Student 511",65.15666417758975,71.86005308015729,48.80591864159765,35.503149921348324,22.70242251430776,83.45905329653259,72.82050483550775
"Student 512",75.17484026776403,54.28562953210948,53.94945355213841,72.5028385793006,22.293267116505092,27.286970443348142,57.834639487511176
"Student 513",20.687953933358507,56.12432521918813,7.078196342355955,88.47983249555563,38.83008724621961,95.63369372010551,78.34907833146406
"Student 514",17.357900088697175,87.07533665462827,82.87237981489844,33.0232624191758,94.13720213900307,42.39281577417003,97.54222814368548
"Student 515",75.0990934450904,51.93230642929441,21.97642374191156,14.109898593026433,81.2202082233545,52.20103155174986,6.700370902832424
"Student 516",75.05877271399032,10.45152473626468,72.05176861490989,37.573475758381356,7.876191539872464,97.28442652006333,44.30687970988979
"Student 517",80.61358984693527,58.06385156251582,46.729020426417975,49.09341023466457,59.41526243398787,13.775502624257607,86.95293930257078
"Student 518",55.227664040103065,95.53897328468997,53.59085911940805,57.560417522066366,9.147108444207639,76.82601556177815,49.79857243724767
"Student 519",94.3670122730243,3.238466044147893,55.27217513793181,96.71513294432832,73.48829308432086,21.158203145259286,77.65041729058451
"Student 520",63.03631813049759,69.5805699074476,6.091698232938006,86.8628337545625,42.03754986200637,84.31326838679865,57.53621936541673
"Student 521",56.57287987025801,25.14895152163389,33.353360742777724,89.61694876554127,59.56979741150988,14.496563144109063,37.69954253262665
"Student 522",35.37364349695637,27.230317137046374,95.91573184371074,2.406201855281643,8.035185402654822,38.4750387995016,98.91209323164459
"Student 523",57.74348528358496,48.90883488669899,42.72980344589164,55.597680251932736,0.8668815649154596,48.149950099343016,85.7672127490531
"Student 524",48.359825210155826,57.85162250495378,59.44978213665579,20.385891191941596,66.79935528318708,60.12266436147852,96.79667810788918
"Student 525",35.61518823960441,60.37028227922946,95.75612038595278,69.92537086048416,83.4418904342159,13.620366954067059,58.37411414552393
"Student 526",13.477325990672414,56.24374325409525,12.41505061560924,75.39759166331068,84.69810838020801,67.27147444464744,84.0679809971585
"Student 527",84.07597147087816,33.387985369173286,4.90558990467616,80.51942575643179,12.049518557312773,28.26310858347874,22.782112602316513
"Student 528",21.747417347004234,70.53828341379385,45.9412521210357,29.181873179994334,53.146135778030356,30.824932253189846,73.0516870797109
"Student 529",11.139148198720518,94.18551304620402,95.28018764303906,29.32707754010747,28.80051891427837,4.591074593591504,79.3787856418689
"Student 530",15.766864343607159,36.25880194041059,70.49911983626251,13.451233014679811,57.38133449247014,91.97339469271314,5.910856858249467
"Student 531",85.18007645292995,1.2477992128695876,27.587257240205272,96.84235637273846,7.628367392085165,88.89081374888742,32.728967204650566
"Student 532",78.32364136692092,37.00686146403038,5.073469054397849,56.00695565744503,44.746834879420824,63.786854224926024,14.187956377806948
"Student 533",72.09574718811888,43.71768438125288,66.79258496883453,18.047006925391653,12.991239718301479,82.38356128555247,90.78481925549923
"Student 534",97.40592310168368,48.36639687902251,18.767539431209592,32.57576637985212,28.698752882408563,48.95895667036135,0.7932260507720161
"Student 535",7.050411954883197,89.04907540703233,99.26755202873532,35.25116007177698,21.670829771154043,1.7456480125183451,44.13139134384172
"Student 536",23.275801096098352,6.484851430818288,58.99510707826793,77.96282470588828,15.624187833002553,45.171779709387025,66.52142454865235
"Student 537",3.749972034414359,93.05494835701997,48.10424371890678,78.8705753619079,84.09817063223612,36.867773191855896,32.12798812061228
"Student 538",83.51282913882065,10.15118277661653,42.82871281459659,99.14500375614404,6.880914445255749,56.181611996841355,83.4156688158552
"Student 539",21.615227421713815,82.26668986871502,47.09625206702737,25.02838944780018,6.999615632266341,78.21268943397813,51.660201404479636
"Student 540",87.21712987848385,86.67308804671264,23.797075920826583,73.57976909883654,20.276473921775555,79.22841004866453,91.88654520955114
"Student 541",88.7401864706574,61.08082763427194,87.89238091848661,96.22952209030903,21.80350426928649,40.76989279536874,79.49009039684326
"Student 542",52.89744686294081,17.586098709908548,46.773945389406144,14.286904867495617,72.50977415846512,10.234844528756362,99.65188765080053
"Student 543",43.66206122474269,46.608795399042855,61.54163417652183,86.24346256087031,79.43690846610409,63.811886430865115,13.731904413634124
"Student 544",43.151692062550815,97.5893169092416,12.324215322403223,78.04088883001825,19.77531060222814,93.62483728610744,81.5709953136834
"Student 545",86.78970080394704,35.287584461247064,47.09756023375814,18.934625037858773,34.039383387836416,61.04678653701523,71.19110431874577
"Student 546",5.428845425806184,45.916049693416625,42.262495160369525,29.147346879635087,99.40658908784489,45.16295977138106,31.80192052145833
"Student 547",42.70707081272835,19.530482822441247,18.284172768607,57.53512772045036,50.367336329082924,34.61852172167658,9.963266902497399
"Student 548",5.866023031011365,58.728039185396966,91.43288093061625,24.048986769738214,89.07497220353478,3.8336720991643487,93.59851699242098
"Student 549",86.04578657476833,22.476979262276135,2.675764828087222,37.01085318229564,60.23856635380093,17.99289419655874,30.12403027275746
"Student 550",80.71799894645258,66.8813779833505,21.453183680869007,10.281631937628175,99.43484297881957,14.50748281645255,9.867573490591827
"Student 551",38.500612157738054,20.444576307246827,42.35529913067024,65.65300225156096,83.21661705260445,62.65134039785467,14.476579909462325
"Student 552",54.35698593182371,30.628864168232443,86.62302975102172,31.567898446440424,28.95706404896655,68.23675244443396,6.658780872805445
"Student 553",37.548103640510405,86.10155167947413,49.31863270091643,81.12288488229447,63.37186700517846,56.012585838216,3.224752311674714
"Student 554",31.182281185526723,32.888047316516285,46.15961734900406,82.99160125128712,89.7561100902851,3.5156817666612175,38.145380562280096
"Student 555",76.85038592261087,59.02012819063225,33.67128184188509,35.03220092631826,46.547310069648226,90.12218859664985,60.73981992465285
"Student 556",10.665941532396424,61.86612296380554,44.0823594784494,56.63783239902239,96.80420543391406,77.1125254322229,68.9937083983279
"Student 557",20.30386451915461,26.488485848394188,1.4001695911421284,27.173469820149016,65.66924098892812,96.46942111434686,23.528129782603415
"Student 558",15.660582810083648,9.782525865248834,81.7979150494875,31.39448440490512,18.71892407512329,59.759651210620135,42.94650106604838
"Student 559",48.27161199547927,43.98760939380009,52.550089484026486,4.648133870550991,1.3484273140223226,62.52999842700863,23.531495688996976
"Student 560",44.88383561504909,58.81295334287516,48.44492075909467,42.56000457040393,37.910433043343886,82.21337312681514,40.42508802357616
"Student 561",9.623389632013165,60.61942154105314,17.001164262351345,68.83081495701097,19.285017484637663,75.66720181905457,95.96941903831919
"Student 562",33.76539469840424,58.35500365533159,76.84001419930462,27.620569285333303,42.57020901795884,75.29107036361513,36.13965804725186
"Student 563",42.12737297450117,17.362626801612418,75.91948124649612,7.855679810263287,59.26296681185449,88.19122643458714,44.522188559637456
"Student 564",29.537551457093397,19.17725560336413,60.0752311418085,60.14743977896194,90.35327778613815,93.67761591102798,51.69302518317461
"Student 565",51.81568125625154,36.223972163456615,40.38272091439269,13.784941182890002,61.06688356645545,95.38213614936073,54.514235240392
"Student 566",20.14280479247983,73.11677744670135,60.80272345969286,77.03779129718322,28.479794956551157,58.169863810081004,66.31191120323126
"Student 567",13.077762414652334,99.41376120187971,2.3842238189471514,60.16476885439124,37.74729488182803,5.123658776903773,57.52969660222609
"Student 568",19.974652512882145,99.49174383167909,8.02338226840761,79.86418742086818,57.07959582136268,38.27860401446635,87.27318097474792
"Student 569",46.56019173924187,64.16186436782219,59.77508068058154,33.93221824860139,58.755846700034475,34.37910654284582,90.84673756781729
"Student 570",28.625311135471627,87.49301597694334,78.60106033691676,19.0272222232178,31.019420491581744,71.85977533676888,75.64430525241707
"Student 571",67.11893855853002,51.11556042549689,19.196729797000405,62.513546417494794,60.44543344237741,57.85804592280902,5.260490629269858
"Student 572",70.49153294965929,83.81870523403403,99.66784486187238,69.05599824557513,36.18658627937148,6.240272477840385,32.5638060807027
"Student 573",45.11333914412642,88.27671914690755,39.84379631116273,19.64186233644821,23.406381535882115,7.903499310762695,79.89564545877568
"Student 574",66.35455487416529,16.40318257378862,42.06265796353171,14.307658115429867,43.30320102828607,56.412430223533704,59.864100704966106
"Student 575",17.543507043968308,70.33414335455431,59.874549836664684,3.9331581723926847,46.518390063365786,71.43675063833895,77.86012773561309
"Student 576",73.41913162322697,49.328638792885826,66.88938476442162,40.290025464571194,89.53415128831712,67.8742168343846,78.06190621294932
"Student 577",46.94576929606706,11.57640769085266,60.59155566590974,60.37329158681104,39.330992013708396,86.03358927639202,73.62094618176278
"Student 578",0.3144212233973997,92.39534559487879,31.951242931433605,41.74770196141026,69.33388799040765,76.45120162739333,74.39308187150412
"Student 579",1.3889427598150978,96.74873286141803,0.6056165407227974,14.961415427759176,80.99771416767173,22.87732994554836,47.227315275071916
"Student 580",71.29406874227155,11.066282832745783,14.422402399431919,95.71575048602155,84.48646144386083,60.52531858163478,61.34829160766313
"Student 581",27.320666503121355,14.559142528928609,47.43537375405533,65.60236954128993,15.769399502031098,48.16179082450886,7.564562256982057
"Student 582",25.513996803413384,44.36620021510266,50.58593730555987,20.214782086056,34.609383525717845,21.221540867624995,61.90534891280163
"Student 583",72.95588521263312,90.49032304822039,24.543339677769612,50.93095353830716,79.22353117641094,64.78154951082587,89.90411726106193
"Student 584",48.33992513544679,25.298025231244274,27.979726325734696,44.93931153291373,27.88996050177623,25.761908816086166,20.502692387128814
"Student 585",63.76822738871917,40.85621539665672,18.343567645404857,83.6431791119432,17.598876206408466,62.76031120827326,18.362245582806157
"Student 586",61.68063818211896,92.46466012984314,47.63072036557546,55.59590249295354,39.2176266202772,38.007812018522614,14.062069662138176
"Student 587",36.38318570090966,77.73971618892233,22.746925370637065,62.255750427033576,19.71324682046785,6.321031318862424,14.91317322559606
"Student 588",17.796857100776986,75.80838782252398,44.46763490855516,90.1191078876069,78.51896488144364,29.93299512776443,73.02458213262372
"Student 589",87.26161268903122,87.8770134975882,43.51068691190834,75.2686263352703,39.059966205401814,37.14518391540849,17.926334458249187
"Student 590",35.17715658461271,36.326830520344586,12.236641100836684,49.132699261218576,21.360097720719757,14.761883584305785,63.493037888081574
"Student 591",44.11773046216953,92.45124649409357,94.66345818050877,1.1079414840793034,89.77585567104902,79.86653735702758,12.971335307643466
"Student 592",5.659239935865599,15.076162925798261,19.62655668062603,18.03165632574104,48.32258114778158,20.43794945476532,75.35448323044051
"Student 593",78.14132514411587,70.31239085266667,99.26176998507842,33.23985030347638,0.44712671286979266,17.463243243289796,77.53094622171375
"Student 594",26.068086884949416,96.31022545237303,42.188286197785494,90.07760019766161,6.490257149751234,77.39389639986285,22.840110072302195
"Student 595",32.408708398362236,42.906268645455924,23.4051542091805,57.441490155519105,74.08230444566335,42.82885627601333,15.660323120676628
"Student 596",60.66824060085584,7.332912530794173,16.806704067128347,80.87856821680137,8.294809636978085,75.61009103108306,14.334786595828387
"Student 597",68.10167872474263,69.88352661181584,29.622013964781125,74.22368685658466,42.82582658573582,48.34291847772747,38.178736002291124
"Student 598",84.03768226052111,28.985861527772567,61.74727215739907,21.000586096343003,92.42228746263203,34.75922568097742,49.80924143298932
"Student 599",19.489914838157848,98.97895840897353,24.540878988143465,1.4478594042386126,19.552080274889402,33.01344920174241,75.25668214569221
"Student 600",62.785260585931944,88.3817452006495,32.38036161898979,75.23785676904528,79.54489808706516,19.386660005627796,73.93830355093608
"Student 601",20.177811021393936,78.91171991097714,38.92476521738802,88.16600382000766,8.55145394083437,76.22477209223531,69.56297787899346
"Student 602",26.325204791189506,0.6495146675889112,63.22775962792636,19.058249516892626,40.86883816064057,69.79500006202294,55.06224475584583
"Student 603",41.59837807867744,42.17832831115626,2.5165637573277984,85.50247482156475,92.63936212891997,77.39762259476845,49.963474000590274
"Student 604",49.30312174376616,43.633526680848206,32.323667890383916,47.74040838219205,28.83544279321682,64.97404099983103,46.50548631073288
"Student 605",71.18457201002354,22.47159486766071,4.424707010111544,72.34736119365056,40.66678640175678,45.706823842245555,93.03678312067176
"Student 606",47.5939006937826,82.8526266141529,31.18482372755535,2.5031153798680985,68.15058952338688,13.193602945589502,84.68961481140683
"Student 607",44.12700753447887,93.27814659817841,47.851581170113924,88.2397463376778,57.80376402322573,96.40678166800609,57.661572401159
"Student 608",44.99441622255605,15.56228888572638,76.97041163593276,27.200615838523955,93.31614586611391,88.91636562356439,38.79808777723474
"Student 609",54.18526430998042,23.862480126436758,84.07055565103762,98.6222185012016,4.011834456901605,7.8853563075954165,74.24610805604414
"Student 610",49.70516078695337,64.62193955698369,44.10235981175185,24.306264264465383,5.841142749931514,27.56805437358366,54.95521816979807
"Student 611",97.57598210612923,2.450299535647903,25.821482527204083,8.247776364192703,75.15917519045819,70.46113573289846,13.928829082039949
"Student 612",2.0461544297287144,1.246008565975098,40.30770583816599,88.31210913173305,59.143096983664776,88.90307937649152,43.616607001594424
"Student 613",26.683815459217357,63.14752190561794,42.423913606492604,66.77431373484141,17.94644246902375,0.9934055076326394,6.3367377570184775
"Student 614",38.66935876183249,12.112029052358146,95.12154719837731,22.849258792786138,27.053664134726517,36.146706898431155,49.947513815900194
"Student 615",44.15794579120592,4.184571370371722,75.10046871951246,33.41365072473521,53.83267012189171,10.698851296388693,83.2996863317756
"Student 616",6.4645076171425595,24.39720821720954,4.082644807893436,42.032129984711794,78.24684886796618,51.287275338555794,99.60969700822785
"Student 617",53.04171573845598,82.67626421620004,86.75624488534845,28.859690615576312,85.40985886083466,57.339057740468135,49.042854366382244
"Student 618",38.17271115823685,6.6094081957676565,65.72529171151767,87.43770344377147,44.64571582580847,15.45064291076707,80.66859568182045
"Student 619",65.76217085740417,64.28875612991963,9.250417950030224,60.15890371630162,58.81445956282029,83.8641767942844,5.710611793159194
"Student 620",9.502975626240664,42.97454854188473,76.84539881958197,57.91262364302309,69.27390120487948,30.551062609687484,68.3483788675048
"Student 621",72.7067405580532,96.1154683563582,94.12988573934358,65.28106280517873,22.046480300764696,85.0484028771486,29.15821806607621
"Student 622",37.36801494970622,60.21255811160066,75.17461521266301,17.396192885445096,72.58248202241599,21.127383001071305,83.59668837442466
"Student 623",8.403490670098224,12.658582413518168,50.6108717092023,71.94994197727597,82.65562515872527,93.23053407765697,63.22915697902142
"Student 624",92.38201868116025,2.151006996174909,82.72578975051816,2.4912037883503766,27.487842085410968,91.90487016963618,30.091747199670817
"Student 625",83.92140612905247,81.8746940738248,4.089203721644717,18.33542133980992,28.060170871958217,37.08732750341366,73.03110881948754
"Student 626",41.01608126724091,70.74491128386778,94.65547971624386,68.67139525911514,71.45116506734622,93.3770583689108,18.018566343127898
"Student 627",70.88679026594492,72.22785356713,95.44458914852528,72.82027350675321,39.57906675646103,81.88476238767247,99.75257458171671
"Student 628",7.50647154391864,26.84252176423405,27.81948038436829,14.78866786473667,1.039799867038621,42.96050097874161,91.55981787119111
"Student 629",7.800527535174334,45.97560493742656,77.58880451134391,14.33637737437132,32.93274479081655,76.0504585313534,11.644293870480517
"Student 630",59.47313548017624,6.025512030313538,23.124258617403047,75.26735380686539,42.02415234890377,61.48759850096873,80.77016927706644
"Student 631",25.729528169675365,68.29838611566201,2.482364960439111,91.71689450363783,59.649695649654724,52.749215479053454,29.54027161513731
"Student 632",34.08415440322037,21.225497296574915,65.25978818563574,60.8103874756436,67.11758171016817,25.833057483263833,96.19197994806248
"Student 633",71.09073360800797,44.22401047315992,9.351843522958953,80.44500850372351,20.726931964917814,45.71754111340204,22.008734705532845
"Student 634",97.71318159727208,19.370011352064395,52.17953535867241,28.444205303656194,67.99231728447737,38.74782003355147,33.58908141322166
"Student 635",60.73655810514601,83.00472280062502,28.544439651148217,43.07583089861836,81.87645807302461,1.6064723821079474,62.48185749394134
"Student 636",36.02072238230263,5.174033995883817,11.035873802187849,78.11762936292871,4.902770309645428,53.01933347809575,13.981463480551223
"Student 637",18.286047540051957,94.82256209354048,33.62011860989779,92.84196995215463,33.425253665015745,29.06071820360408,78.03123474205721
"Student 638",21.14778828816499,40.979436937730334,23.50651830102252,20.84455858817029,28.657700037397717,99.22401417120142,55.49551672580142
"Student 639",1.858249681415692,81.53226343112014,98.85747420213022,76.17297569310986,69.49942735010728,25.85833911692117,10.81105922478431
"Student 640",56.33962073339027,71.0949064063966,81.39214075477045,32.01510767772122,17.510437248356492,75.54876887573371,17.11803338117721
"Student 641",37.31316714284005,4.149924678833897,31.224589453104716,12.485614898938282,24.735086594051207,71.22863804663945,81.59548406034844
"Student 642",95.09288867849067,47.12033905528041,89.20409327749105,9.397430689296629,8.3216474393985,81.0940827791475,14.561250850088078
"Student 643",28.65910607740696,25.146184563585404,90.93709362147787,0.6655863426180605,70.29695376341711,42.03663346926005,74.42935216939854
"Student 644",10.049858175855857,55.27124775095853,28.793123479257876,1.9966428011435773,45.34667251711252,22.986256379229182,71.45103714874699
"Student 645",60.766216986437385,91.8480776638894,96.04459357468636,34.17085525568654,72.41798569072395,76.9187547192948,8.40613325245982
"Student 646",6.411488201070349,46.53335753558575,42.139196027338265,16.21881300087637,22.447387593543098,6.383624517990387,59.50607832629069
"Student 647",37.6174157669644,91.8682849436666,22.42506337870554,21.96244742762264,22.983560904368566,20.802829255171506,67.89436543500338
"Student 648",84.22329802929337,20.976077930475334,98.22168834707026,8.16179143562453,34.20123955905719,67.85540684820542,12.97653893953988
"Student 649",58.45748082761092,25.122847575884876,32.68978264327465,32.28093623374356,46.901845602204276,55.84744583189261,80.71497994006137
"Student 650",30.134482819330678,62.18480074723879,98.16949215716666,0.23044691363611725,63.29633014977761,93.21431054835571,49.35928429741046
"Student 651",11.119414662497764,54.355482896407196,34.92488950737371,55.06699236673808,75.2220065148632,65.41377994857103,37.765579779511384
"Student 652",31.50735206074563,19.498486394852513,23.18404753846533,64.44510631913653,62.242098348706335,84.6505618321901,39.716953932187025
"Student 653",0.5554121754003027,2.256068080365232,11.706214533078834,2.788353666539371,53.22999468670009,36.65872288268418,90.36727295597127
"Student 654",18.171509057566336,50.57327331412333,24.99954905349364,55.58222376096617,15.512755648208726,80.25843435210042,94.93800393853653
"Student 655",26.570169875775353,94.59844434279925,53.10338313980565,77.78357606902266,4.940628900700213,40.266835645152376,37.55250553767783
"Student 656",11.456676394372286,84.92109884148911,28.434988458951675,88.54905839157507,37.85680213094514,26.222219980209204,25.40126021970567
"Student 657",23.69015457031508,51.21762077445814,89.73923887952785,99.92901163641618,33.995885409349754,50.68255540601243,4.095358717427562
"Student 658",51.14665720216451,82.56843359471611,49.38538272860594,99.1548294735256,42.577630420497165,16.660168470430595,13.210394079409529
"Student 659",93.98991531434253,99.52876334228102,55.356264270119816,64.76499720094172,21.663905410536948,27.167093176523892,78.80599051801414
"Student 660",72.29382505671484,89.1140006180111,26.2926730901232,83.63254982018508,83.98245064410229,5.293470186749319,39.091580795534256
"Student 661",54.586843265497386,78.71972076042442,10.051572042381746,90.66921052765878,28.840592525027404,37.29238127500256,27.76101085643161
"Student 662",94.3483237310922,74.09020226271609,90.06213066991867,88.76771421607835,86.98937772602643,38.775220910616845,64.61094917130158
"Student 663",92.68904382877265,20.45813001201212,15.985744823619555,57.769134458447745,97.20182976710304,91.96654831526209,55.2841534175101
"Student 664",64.97858829677561,58.77057518857476,27.03605372929223,87.31317318527823,99.14928625283459,40.18901771295731,94.26078920646732
"Student 665",64.06166411434215,76.3573103151136,41.749091507171755,91.15005433376201,56.086722218417236,16.61242546106867,21.572960496555787
"Student 666",60.05951759132907,92.36386747364278,76.88042568614746,4.114156422724086,86.88515271165961,1.9356336531094733,46.26831216081562
"Student 667",28.41668790257932,26.601551707383152,1.5680419527822207,19.068694383277844,92.21162774340061,7.063635129048697,56.65190276995893
"Student 668",49.44805268074414,25.98565170040471,86.39676132610448,99.24219053983425,79.01010920321923,68.2499118729066,8.217928600831332
"Student 669",71.47732841250381,65.02730589181213,43.48535044986592,78.46500596301347,86.7205703666105,30.240436111711798,31.757742915965615
"Student 670",7.722932441465323,29.835414112517668,24.31229992716065,26.052988183769454,3.379844661223301,62.1298057854769,24.03241633087216
"Student 671",55.520616796602575,11.910198646520133,18.680363429270702,32.707363871442965,61.17679326310057,61.12978487529297,76.27054402679613
"Student 672",1.8749037383017215,50.26488809591845,53.200111435291376,17.016802014117253,87.69822583157563,54.12373217516372,13.156474350060254
"Student 673",95.02123992745875,25.016688347912197,47.565542417041186,72.61973608272247,55.600734301795676,41.45142937746517,33.09420336704157
"Student 674",66.8761372018889,29.034961131699514,56.436570554031526,0.008317436692694524,2.2180584645677985,75.18531700135634,76.1844265349492
"Student 675",55.29539349019383,66.18183204715308,52.36068274505777,68.08333689857442,14.995785687792972,34.28751943207498,71.49444265680988
"Student 676",63.44195409493604,36.07010620635197,11.011910930830997,81.87071795683332,95.98042781390251,52.00357231600425,0.3161190854939171
"Student 677",52.35381919677362,12.766744424149271,98.41478762807925,80.82613947093698,53.84938215296467,63.48551607368286,58.62335761096752
"Student 678",14.856856080733419,78.03595632573015,44.46770248133788,68.32914303149188,88.34786194198044,8.40551871117863,64.90057535568214
"Student 679",10.38921857714038,68.80867592770974,5.345700125991488,12.655321380644418,14.210480655663673,36.166482412999464,20.822265830786677
"Student 680",14.209230457202885,74.5358134703658,74.52693357351296,96.96650356518295,82.1422131740448,25.84792893857059,8.24629533892623
"Student 681",83.63968642402739,40.81433048612516,74.65560485770877,21.67182057010374,9.849383817672043,17.411001252856664,65.2789207955165
"Student 682",3.076845317336242,37.354603712118525,33.82425278398513,22.279403558225592,55.41791407179454,86.50761238879433,59.897614418671054
"Student 683",85.10502127391926,21.908932048107246,65.95475871286787,98.45919802349907,77.97867392038327,60.17954237185684,31.24857140778463
"Student 684",41.343203507030935,48.62318981732287,91.12331168439798,41.693006509901025,70.61070240567577,59.51316609516803,79.07925411535142
"Student 685",49.983323476115274,69.75349360401754,83.0016912862721,19.338293914803284,55.829510180381156,89.2612304806252,13.930677903377447
"Student 686",53.89096251874194,88.2973510707861,48.450679989153635,41.079238152577226,42.82536944646534,40.842392968643175,45.163685226490465
"Student 687",5.860181052161047,79.81685735690888,38.229957405119634,25.521826850798103,6.10108539521743,50.1153624384464,39.705957634023584
"Student 688",34.461415199670924,69.04039444468823,18.24613152198748,5.391436897698939,78.01964438323898,89.47073946324784,48.99905172968261
"Student 689",4.458805076584003,39.258715530064414,40.371470096513356,63.251589495382774,90.17740014304673,52.30725443326561,7.2239430788125985
"Student 690",2.2508791280172717,43.45164047684411,88.39639452995617,14.860787583410811,14.442401719831171,7.532001216950354,26.1191578177272
"Student 691",58.63821688705511,2.4211142557908603,67.94023741536584,77.04487920752186,95.58368486335624,28.93547211113309,2.8252238121789484
"Student 692",73.59239534701099,92.2915115316139,73.05042035786774,81.87516659132994,89.97144650369354,52.07555396308664,3.0515622177536437
"Student 693",64.16804770788221,59.32625802838074,44.41337882796657,19.88939349303204,43.545442101848984,54.50033272834083,67.24203020686113
"Student 694",71.45383978669238,72.132080157005,6.331483511012097,71.33274653962009,51.40620176542169,66.3940266510085,86.07182562711834
"Student 695",32.87138713411576,75.76764618705712,54.9882763455968,64.92600081442298,69.08526596989016,90.89698905104105,84.94996006886683
"Student 696",9.533649438399577,18.217378809572825,2.7595521072083735,96.26804594242792,58.774593033983166,39.120044054372705,20.76045999823821
"Student 697",89.58197033371599,48.97759470608286,12.556769108050775,33.79820131819225,42.81371124299315,91.7837997028249,59.43455656986076
"Student 698",97.91733627594101,55.31208783258711,33.26774594170245,82.98714647332135,55.49008971985616,82.21178057086266,99.69093175302623
"Student 699",64.4758384258208,69.17697060441958,73.20646573226905,58.875097476163965,19.61454021375811,1.5901433185195233,72.06419384581109
"Student 700",48.86383066949167,65.5036990022358,4.549696623690178,71.3191896980628,21.25245348475076,18.2585485576717,91.82973553175893
"Student 701",63.541909208919044,7.895789685226086,85.19124725857775,56.7586659909941,8.029641865486822,32.355765182387785,73.70440675766588
"Student 702",47.88698210915101,25.312524026344857,37.385609832444075,7.121571818053035,21.040703227063677,96.64042750662234,5.562925560060042
"Student 703",75.04411832124079,16.382641125612903,12.415310663102794,81.68003783624661,93.58229882376543,3.3682272165393408,12.742778338462113
"Student 704",27.259574300867897,78.46854126418434,84.1176875463359,63.2860803999325,56.57775136892656,14.683885144065325,16.602633938908966
"Student 705",30.437381228581312,37.85285820946995,17.501244030725204,89.5185067332722,54.34502080536967,93.2740237888012,71.81657705327349
"Student 706",15.937080018282614,48.869928375531316,98.03487345211094,87.4778631108248,12.122498652379242,69.02552432699352,44.541055684496094
"Student 707",19.791203723478894,51.059130379034876,5.249427632332896,72.46589607654913,51.55910230487567,87.69960967836491,0.025722603975863
"Student 708",41.480752866198486,13.790497949343441,2.302749124724065,16.734955514850395,56.19235410186323,10.34548152278061,42.85596246782359
"Student 709",4.625484016472796,22.55463615396043,60.027845985457006,77.06267727919213,69.97646555172629,76.5403699801497,58.36708166336102
"Student 710",19.16255666577084,2.6832845358157322,97.04788041216192,32.28379694382228,60.2621074752566,82.00413761057214,40.501768059172235
"Student 711",15.863952137850013,12.690761081816888,32.20060702177446,25.712557230044876,9.181851625186816,60.60424749219945,48.29759216508126
"Student 712",13.926761506131392,70.23922186286899,27.750819802628317,73.21016197186775,58.2967796056528,9.16797455522437,19.184457604304896
"Student 713",29.597785255548903,6.894392719457438,35.77394095279634,31.353756658759274,59.97422926410441,21.541820493847,45.089128268919005
"Student 714",39.11976128465287,66.49139846672178,51.58257746439248,80.00683171567951,27.886375589375824,82.18037598461979,63.61250870912419
"Student 715",90.74614698280278,68.78096975739017,48.85870081200082,86.60722584225233,49.21788606052734,80.68726907091104,30.870438814138623
"Student 716",50.27473285678834,12.980291136256069,59.45649945401627,96.32408826734827,53.93339980801457,98.88350105334692,89.54163655305096
"Student 717",99.7223946437045,77.69190111640873,78.71634790656753,49.773080723695095,83.01016323278685,33.84960687967307,8.22754200802945
"Student 718",44.90814282956405,98.07580922831296,51.12882957609129,63.346896757859014,43.89597586698554,98.01355066886191,60.57117906274316
"Student 719",31.543596967929275,48.17622651465053,83.85839654957334,79.76853767919025,76.27983635564429,72.78516271490764,41.610061335540536
"Student 720",53.412308298549206,89.09279959333423,59.3628290044733,64.42747195908288,4.632716442058435,72.7941818597547,85.77636108064077
"Student 721",59.3864645978147,2.8056541625240112,54.695044892034225,14.1725702555143,57.77971554624829,81.02028101825735,67.48850724473698
"Student 722",8.47838375817223,10.179212991586956,3.9034502376469056,39.095855838808355,83.8450297388745,75.40670098048325,81.29933817285855
"Student 723",76.87640800235192,14.77351420674638,38.546923361685295,37.73605065489697,47.02704466124927,35.52992175681345,2.5369692407980557
"Student 724",86.6836322805049,86.93475720023037,22.18104014128654,97.13387492057787,36.43707635370389,29.809869285166407,63.03288280578205
"Student 725",74.085963252168,57.95622029881634,91.55621056411144,9.730140998086528,45.62745465668777,61.84921062568882,16.370177213313205
"Student 726",49.85348038136231,0.8457372596132641,48.118212899131436,17.229284349205283,32.059965452105615,23.165254796911213,87.35074260575088
"Student 727",98.5395758254495,41.6710007092905,72.27863933809638,90.62522419245754,15.833811234427241,91.21055281602636,84.22811384204046
"Student 728",18.378709354221225,19.472228859571626,6.7754371992594375,69.18902725102244,83.36950138133304,11.882952736599663,37.68279843876044
"Student 729",90.31956422901617,33.67173196155874,26.905722129371824,22.114007452468382,72.40968619687033,21.8258530096789,85.72016329106248
"Student 730",80.21551771530153,37.08796936621746,74.90319858294015,16.49774026849181,99.96733714014081,59.570915196854976,27.85911017889638
"Student 731",18.700042537159774,2.0279557306248903,47.94313841669185,84.75774580012761,43.06388196077046,49.22469760498769,82.6802968789321
"Student 732",4.990018404799383,21.120051010180305,75.91287671503284,11.579895083569026,25.075421367640665,93.12381872966239,51.16997606269395
"Student 733",47.61824664980418,31.926413078705433,61.613389955403456,27.812383045194316,30.409737627498583,78.9157889915617,65.77344120056503
"Student 734",35.886007848946555,92.95982835460792,55.681555172468634,83.40536055448509,34.140640858465986,16.904710142186936,43.023009740418885
"Student 735",89.77598978362809,59.5006410402653,26.176616323790725,83.79756040242154,88.82799551289173,30.72973228371621,52.931212964618936
"Student 736",66.93279594957346,43.40858435527502,67.25761296851644,47.93447969750111,1.8246963612429576,97.88413376429,6.26398313063923
"Student 737",92.8471400120462,80.22483754124457,60.15165644395735,96.2176419427947,46.70359463891559,32.1193604915696,75.11137193056753
"Student 738",33.453204210011705,73.99433669223029,70.18113180738845,94.80577396350888,36.24799225359639,18.73320368180307,82.15159615679775
"Student 739",54.23989902311798,59.17913615748092,46.63656210231055,12.636336549820799,81.41943574168783,0.5892464681268332,11.149857764317481
"Student 740",73.24589733315753,51.356175176936105,46.387264000606066,88.00591923859807,68.54210952595339,27.702411879379184,29.297054592149514
"Student 741",6.555011750010322,78.00819788197171,24.181710226444157,1.236341234756549,93.83270388551888,2.848912086697507,57.67628092624142
"Student 742",42.701078971058465,20.19711828017141,65.22974127554144,4.662671858689534,45.05968730092343,58.437580948514864,53.069551537395164
"Student 743",84.01523314573278,19.502086051931276,30.6652093472107,52.73333784495067,92.98744777777883,56.02695477374883,48.10649321696232
"Student 744",74.36599791434092,6.055258966845262,80.86694893478747,0.7441148321920926,97.01448545284782,5.998433127626811,28.68064537358128
"Student 745",64.25397430304916,49.73334087747476,61.341447147211795,45.92920879582918,31.939254180450625,62.14531970806666,0.7314811983184096
"Student 746",94.78490911122566,84.3684258970456,37.448759306447016,34.64223566910936,9.043794879022936,77.39019819646568,67.81813684056502
"Student 747",74.01413897758631,74.56094132198488,95.8102976136317,93.54017716530763,12.574575264585816,39.20286550198437,97.3602847816154
"Student 748",41.66745722337241,3.4047705286752743,25.416650610115788,12.144401330183893,9.172153294837116,32.3517565916184,35.229295428552234
"Student 749",52.44068499907413,65.56690403776925,92.42650629704363,0.7815919448461722,4.477772449858802,23.27034778010622,27.55582744583608
"Student 750",23.703269092372253,69.25631880053189,86.62598028914647,21.099061544438516,11.315030145754271,31.91252203345692,90.97090389021221
"Student 751",83.35062236371289,31.55387963495968,94.83411690811077,5.025865436222982,8.650453595883047,99.01288045526688,37.500935124571576
"Student 752",83.97700129309975,76.29196003290272,25.894880633528793,59.24266956944201,43.2061310065967,49.08394153420848,67.28589179918043
"Student 753",90.67343583256677,89.28016754710583,96.58081308801465,77.88736332745069,43.08945691668025,61.666209307590734,61.61253581256641
"Student 754",34.289084965662454,81.71180359655999,12.729307821482404,22.643571605161387,75.33438877460593,62.04255917898346,91.29981978462894
"Student 755",47.1474355732024,19.90117164283877,96.88313780416871,67.80113975964481,26.30951421014655,57.13470359879946,16.364298188694455
"Student 756",56.460522242459035,57.119077241712056,26.267021339819667,57.98356558751894,24.24398414884642,14.351839338101566,35.062974949356686
"Student 757",36.32321481162302,38.555030955562096,5.845993013774383,25.22788494665239,98.37425172171315,41.949393473297064,73.26070454653542
"Student 758",29.398744144592907,36.011901693285395,22.987168650262277,46.21185749983519,76.70506796052094,45.60097012745223,91.82622299862115
"Student 759",27.94669802431131,64.27321379574911,27.037424072586695,13.778134847081114,8.358537150897511,41.94893199200739,93.96198855860844
"Student 760",69.61095442211686,41.609726208798435,76.92361995122178,36.70765672647735,21.469666654396924,92.35764181292473,82.58757696179687
"Student 761",84.85632094211859,60.92987686625505,94.31838020111394,25.89437928054435,69.6298536911013,0.3907679226709124,96.44726184686418
"Student 762",31.11480025732033,6.493088188727719,11.241213352461386,83.97063837215221,45.29805595325254,33.468143796843755,34.808479423576735
"Student 763",27.339141477869067,3.6794086801762806,65.25780605020654,91.96147447893155,7.448048597195555,49.60481307239818,53.057791881777625
"Student 764",70.02953653348655,89.58751053003779,41.31100292436534,66.70223402824881,1.8631171863351157,7.076473803060128,44.35518779107352
"Student 765",38.694777630598196,38.647305013671506,96.05184170026206,96.5772107294073,28.613019546007447,10.522906628699968,1.8758444329095987
"Student 766",46.45771832873318,83.06691753732221,10.427019604624956,25.45649274404827,13.389938525207981,25.24566107488684,63.503804199056525
"Student 767",70.65279234617566,30.727013951338993,23.484861910656115,5.096875378089169,75.818814877804,87.17490124154695,72.6971375359167
"Student 768",97.67026147875923,64.46725877530842,21.256798355239546,23.93010303281951,75.02380783390807,67.88116294017655,55.31037060799594
"Student 769",35.973380366091526,90.96549304556075,3.1967162134566482,16.937891602709072,97.5428187261072,45.15133666406575,13.632225826398836
"Student 770",80.50568428182947,66.23597756195983,81.33163626803719,21.88966366337704,58.113541835329784,28.520128082011333,5.335936723995109
"Student 771",27.592573723633684,38.862898140024235,10.86855862476213,13.580085129741123,56.25645370051606,73.32667769268565,36.650467165991394
"Student 772",75.37607136626164,55.005804290798984,82.26743986045433,25.450317650646255,53.9925611768696,31.74330449702324,78.75911689471384
"Student 773",60.90548364517898,1.528777352059086,95.50487195674945,86.1012787292189,40.69511058580797,51.845591495134066,35.533300197736324
"Student 774",9.073775455972127,32.06593401455654,38.579987379856966,77.71479550784423,46.10753344792689,48.322937589577464,12.660673315814416
"Student 775",12.457272248430899,33.79224720930005,78.20926586688893,35.25993706650705,48.18732391544234,28.52561653969484,19.639184293222502
"Student 776",43.809348418408725,79.01298628111168,65.68150292443337,46.57473784068464,15.398714065239375,2.05576978184557,34.31335012095461
"Student 777",89.8417755318062,13.76270883750356,32.510930205188075,7.498069477412679,7.393437433834875,31.494888490698376,42.49728174090695
"Student 778",22.08087158378919,16.008651940705047,65.92633938131377,4.857785613898666,96.33033175777376,29.43297511332577,28.598423375207137
"Student 779",18.020373327691868,64.00353512047566,23.034410778104718,38.848560303550315,95.37249921619892,88.58208888642555,28.450041722830598
"Student 780",46.085962879703125,61.42437622538882,42.849159114112275,27.281988456647525,54.877320819620515,19.59428345993381,67.62795812787661
"Student 781",99.73371157050273,81.63025188993775,67.77713453930944,56.50071832413296,34.167238954403985,83.17581641641134,83.85942555780129
"Student 782",57.36527094956592,21.658241990321898,4.014384351970536,20.684573037969795,3.5919279507553017,23.10584455272102,27.86311429384486
"Student 783",54.403426317433244,11.075271075569095,88.87578759509746,53.776952198196916,44.400378405172106,23.27994841562598,4.2933383361176976
"Student 784",5.877737248195062,40.137630869973606,58.19240664011757,32.110107348639744,9.17296595584456,76.60170266807879,97.3088823350539
"Student 785",77.38315110867343,30.900671629924215,94.05797749263468,75.60628380724047,65.87781746591533,75.97802489026768,61.09930937649184
"Student 786",83.18895793348021,4.335873730900378,69.24393081284136,20.510656459071974,3.496258245853226,80.24723935305302,38.23405771277696
"Student 787",85.67633734419549,40.804300382066415,7.545393908890416,74.73291400118464,49.073195785932405,35.84042548240008,79.57444110198747
"Student 788",7.044888338944435,32.96218436253441,74.68090171039495,58.70672120685748,10.90650652965238,46.71215239697409,3.180585291824658
"Student 789",92.71638564584663,74.10324868751188,77.81966219677778,86.9646485239592,27.793696617742985,52.4734864607405,24.434842775106432
"Student 790",32.54039414198387,72.87245260808383,24.91865805396621,71.25496613904856,85.5778263362225,50.83502145401055,3.240434945038594
"Student 791",11.158905058736734,49.2520572064652,63.39560386990596,76.05452983239658,89.3417634841912,56.580443250720634,52.1682875491342
"Student 792",65.82574964414451,9.47310720540924,47.22782641002462,47.95766964835092,56.81675979508564,25.087374375584243,94.61096456745722
"Student 793",84.75235531255271,10.23494740123141,58.71648191916066,8.008618565388552,75.07392045569529,12.383489664300606,87.81903426814549
"Student 794",11.969252777910286,13.816618742760914,85.76152676835667,90.07429674728611,15.742557529526612,14.349414246982937,3.0286746651649734
"Student 795",22.428881667659336,72.40391316517172,63.59129700227072,56.99140037377558,37.45849131523574,1.0190263524594707,13.75278496798808
"Student 796",32.75231813642489,82.45209156194994,85.3904499822626,22.695979225927942,14.088701710211375,30.67759888324196,17.650252481692263
"Student 797",29.90422077424359,1.9469721832762341,17.002377352759176,68.87227228820569,11.96367562395005,2.37701699864548,60.15486237862395
"Student 798",9.257217492175233,76.94665558338666,91.97226022376843,57.71708139969625,51.493925056605214,65.60911797825385,59.64242172874607
"Student 799",25.210892468591766,79.05403787865065,49.42003959998005,77.30259002677026,57.64566300857729,62.2806192088874,41.549476927576876
"Student 800",3.8111790408175077,65.12628277009102,80.88442049665468,0.48523039629690834,63.13761150625524,5.293042767103592,36.06464306932105
"Student 801",7.555017552294791,41.91533606662664,11.41056171139936,3.816980937056827,67.60059982682168,74.26626861685297,49.16632306890315
"Student 802",72.93238442969204,66.91396913303731,77.6783691512395,54.35437977247166,85.7142655262792,89.9269326771323,51.94658453898262
"Student 803",99.08668099034276,19.067757234034634,11.033274752192412,82.99304639285403,56.96619143570937,49.312152876727794,88.14350693374881
"Student 804",40.870867092726456,9.763772822242691,90.62669650908227,53.82607606151162,73.01098364002937,80.28453590763526,36.98847690868704
"Student 805",37.93636673104193,83.92013830071117,90.15901218777785,36.90592982228898,75.51592689544849,52.571074693215195,82.57437327209536
"Student 806",85.8823639426577,77.89359469997095,17.64018384067048,94.37693946335364,30.534029724651095,48.51857965157487,9.376078964941453
"Student 807",14.346675374911866,51.97697170732961,93.01874084073583,90.83602100000306,90.6997570773192,82.60937711633005,47.557003704205634
"Student 808",27.853531104571832,75.21925210841097,91.7529435193439,29.209668189992655,13.857353365386935,3.268077038411495,72.36381746414625
"Student 809",81.52288184602077,97.4642634717244,75.94253514802953,48.088627027289846,1.5313691301184387,86.28605921676757,25.269575545626477
"Student 810",26.778409816286814,12.173456700289274,69.43607344432252,88.49010469768882,6.953689894593486,63.54252495412932,76.68458260460858
"Student 811",91.41815888216436,80.16965095743943,9.22855485524272,19.676530580753056,92.74535040475605,74.379433460212,37.29768979471567
"Student 812",42.72764527153999,61.94772891712644,80.34224389644028,41.41600978205855,78.17114931287641,52.78034155210858,87.17831020555158
"Student 813",85.71174198851665,87.84404254042127,45.81219908096678,6.430323877745056,52.719094969978606,58.849683525226204,97.55053390063144
"Student 814",48.79488816380322,32.14466761498592,31.326672927686932,13.040985882721465,77.19262015584323,90.31662312578106,88.8718467361464
"Student 815",47.92781369546698,75.91424345787063,69.37316022252327,69.63372634145809,55.441855506558866,71.64988629541685,58.42769330646976
"Student 816",93.93090881120933,65.40997317000749,48.825234247800694,31.202777151313217,42.483752274075556,66.1912814688422,93.95053503862597
"Student 817",81.21364052596537,86.01810307621341,73.68123754144996,27.575613864048798,99.54131175350798,34.59961808490619,81.89778674273155
"Student 818",14.81501171672318,34.57513899391743,16.20371861482299,65.73396627211572,35.232970025759606,89.71529659201379,63.604878690819746
"Student 819",0.4570493043542353,20.939310216538644,56.30376390436142,77.21226325126744,55.47395996901342,71.74776605262602,97.14522242580531
"Student 820",83.10015547742795,79.96727109429224,34.02418272139897,39.06704163144566,21.101438466371576,10.820117628012087,18.97724305528846
"Student 821",10.451204982095893,97.30986561190049,99.8843707237329,56.85957787131859,63.43659386318971,70.49823497089561,13.7759112499053
"Student 822",15.79248937568295,74.56210522624748,14.273073882986417,20.182184019687195,23.28933047093593,87.42720724421753,66.23309334726663
"Student 823",26.796860490375067,16.720676805807997,79.80219094182702,67.34467099461517,14.024073950048821,49.55031086878973,42.031045653497756
"Student 824",20.310532711789904,77.45386087678462,57.72422548030185,10.454559751352113,76.15830000099577,79.05881099991367,7.651682196490869
"Student 825",51.085178228391115,67.08927279108616,89.70545814852244,32.68417862771001,70.48996524514403,30.170560919300687,66.74021752818872
"Student 826",87.24527238428237,17.43918072003642,34.249487325024845,78.48696322723343,96.09817115676753,39.46538355209434,45.57853962044317
"Student 827",9.917597210094026,76.70433588282435,3.594165842577146,74.75109419699527,31.094174318894346,92.92787023075255,68.03411451943954
"Student 828",24.97917155973818,85.59125879550757,10.97261904753152,86.07812536194724,13.355963179594829,72.32051356213998,82.8283087575749
"Student 829",84.44049588235431,11.64426636637385,32.07146650460657,11.332437093148151,68.63187625903421,7.187885513886147,90.32332381533892
"Student 830",92.52255854004076,82.33544763065332,51.552371076858186,15.134492890597842,72.84417305425099,93.29340305228006,79.21212306130514
"Student 831",66.58835909522678,9.083631489154955,2.606086957956485,10.352218614889757,52.74740261414043,88.1047357843482,92.63595508669373
"Student 832",48.50796709467852,22.044729030093073,2.187158966037449,0.6904573617250113,71.80884659401087,40.07430410708919,53.2784454929914
"Student 833",20.142137087331356,29.519004201420536,15.607125443316674,85.64094150091623,18.997540840018846,85.76505425288936,25.723444433679077
"Student 834",92.56061971915632,56.27173929469335,40.71407985684677,52.32864963636937,53.731636099879495,2.1833820196841116,49.9912464214571
"Student 835",88.92487976628881,73.24423219972478,2.1541958811883815,55.03052849936103,51.805012411013294,18.013683333281623,88.68705252313747
"Student 836",70.56285947825477,28.39828336723454,41.02556295814547,87.80945625487833,56.23497389855379,77.20154629843708,64.60951296862346
"Student 837",21.839569120512284,43.25451999910801,13.064839622893526,61.74467920360334,33.10150384901146,58.375067205987584,42.06423503049175
"Student 838",67.308489613462,9.425539831724553,49.42985201337524,47.0267122479975,10.522877663881406,18.74004139940621,36.22575455744376
"Student 839",79.26211840607246,45.77237799462128,6.712878515666844,61.03835716715934,40.40975453294976,50.12120152339963,59.19191277804083
"Student 840",1.3148379808735984,16.755957918682082,56.499187056127084,91.3260031077005,89.71364367507184,61.58385649239153,47.27437546456658
"Student 841",83.5881207359078,98.64860524776637,30.216109329225247,69.47413771707325,67.77023425783491,46.13624728001959,15.250138354201393
"Student 842",47.20102325676545,39.0460446758119,49.3710827379288,25.035318314579424,5.2748579084259966,22.23340536882756,78.48681774504193
"Student 843",17.499229243338174,50.05857550720321,78.68626086506981,29.45383924136646,4.27954629065948,52.37349396871566,28.394824752224473
"Student 844",59.69583548336419,40.198289157947585,68.46922451343688,39.07864425145029,5.262256770062454,28.934478486031047,92.33125326255343
"Student 845",81.03783817383001,45.10953031057136,61.945247956003215,62.03906295028367,51.15706890079741,20.439347541813667,26.11668096987782
"Student 846",62.352261631181385,42.6737125833486,44.37200397893074,6.974428024295292,55.21049155660497,23.847687666391014,45.91444035467122
"Student 847",28.251481310069376,43.62173488264654,55.90503809261735,14.502764349962554,59.835688066672375,22.82473289145121,6.862716093864764
"Student 848",2.96635041722,89.91230410046394,29.803761095319924,86.82108316479517,68.81715753895826,63.99993711372868,40.140681708754144
"Student 849",5.527152687467531,19.10387025077692,83.65434652119944,33.77361423255883,49.93022670946354,67.65117080978904,59.62326828954324
"Student 850",71.56939770237743,84.6136165286097,13.745752311295437,95.801691825734,88.23586121373093,71.36322749881533,60.34641828002803
"Student 851",9.10266996423325,57.01550193114493,18.954051880873273,60.40857999818826,67.09276876969318,28.993359114409728,43.00224860399959
"Student 852",58.81620725109386,25.069374494589695,0.15697840857894285,91.91744016704881,35.243203566159536,69.09799958140617,82.78526266464972
"Student 853",63.383062329166684,95.97790020047199,61.19795207411768,83.47032515744911,88.42282085125983,72.08775256125571,17.168546607511686
"Student 854",92.26236059038796,38.183322778517315,82.75908208154453,14.269946507596487,62.343797507172525,38.541248534571295,57.046793488611726
"Student 855",70.0336589703661,92.08371611426385,95.57247124805826,74.51479162916179,63.22618331104957,69.48601721598253,55.418165448560266
"Student 856",13.384526962374746,18.69989844619623,16.857451303205124,99.42771751815236,75.57832391483386,19.27418000420523,46.08546143252338
"Student 857",16.335385633416863,16.764541889548457,22.066685355947953,59.80099812048718,22.42809281769533,67.19399858584903,14.962162033722903
"Student 858",34.55282621543349,90.12508918654075,93.83381525160783,44.78454103489412,1.367852304450203,21.532652768218462,14.22193863173715
"Student 859",20.47197749266181,5.573006277213502,45.754845068385464,59.32486682546697,95.75988404247181,11.158188348867265,19.383243697050744
"Student 860",26.201439495172956,75.24755922755594,9.448117197609166,61.554549335168176,7.529959840339131,64.79697646538428,81.26165388737606
"Student 861",27.35609336150983,58.259537195327425,5.497060997966663,70.17456782849469,72.78027770712373,36.16126824484866,37.242183008443895
"Student 862",26.50283861886644,46.255997724875684,33.705638163006846,88.77867228017202,7.679845651203915,3.2763286926395985,18.29018511356757
"Student 863",93.78670992607067,86.48062598009618,47.34068334045805,5.812961121697992,54.34192731828386,90.39458895168553,56.10217347427698
"Student 864",40.55648322611541,95.92843715443277,80.1420839715277,68.07403363657541,83.88899838591576,70.2514791368787,83.62331746090732
"Student 865",34.669371044487804,15.08644475979342,81.75539640388929,17.097135118642726,54.50300288019774,4.109959417859825,9.734421851906966
"Student 866",42.59616872079272,45.92368255784819,90.48764120452402,73.02349030087804,89.89219758969011,47.590150632535924,20.79311178719764
"Student 867",34.159393565458025,36.84192796378377,52.22485178796554,17.533681175306018,60.939772683275976,38.13836275072105,45.77927283324708
"Student 868",97.54871994393713,86.15351095600646,97.4927374929954,14.285698639924254,96.07027084272009,86.57951079649857,30.4677026976239
"Student 869",16.038836334705667,79.21722001881736,68.33666714052994,43.819745711806696,76.87866134227502,68.79401234346324,91.89166979800525
"Student 870",22.310716769155146,58.80189152643197,57.81117732784763,35.663951157468844,27.499124940865897,89.13257905723562,61.79810646708588
"Student 871",5.626292724321493,26.883276151236274,56.307956539242724,21.500314534749872,37.59930577811096,99.98508289164192,13.335952978443865
"Student 872",77.15647004520113,78.6211584427908,9.532256848443984,73.00597270937222,99.09990873178835,64.33998670470788,67.93850495576706
"Student 873",27.27517343863275,85.04420689222107,76.18543061905719,93.05825657962636,78.64386323622954,46.72662349026225,16.120081908123623
"Student 874",44.95202865202258,85.14933181306718,9.34987895964962,54.2638722560581,1.9777942380363265,58.714995759926545,31.159992044242713
"Student 875",19.36804513513568,40.73858889574235,2.0469666333325183,47.411676981373795,68.457667422953,32.53244193188236,77.76375324729767
"Student 876",54.17439638120077,22.9690711092637,3.4645762092222676,66.99941665695162,83.58023904695958,21.30406941085489,37.78930189146134
"Student 877",5.366850776484748,12.733629644013863,4.247781535872941,85.61783078851396,14.324371281566275,97.27820429866705,74.56588305536643
"Student 878",98.81816769493163,57.256158342184825,30.54907067081424,3.919932222819257,94.4693565964295,95.24498572591462,38.85747685422013
"Student 879",79.68671177833123,76.90545879914882,58.61401690117821,70.47129181595456,4.56638057476172,81.62341932891239,52.29468742998543
"Student 880",67.66995109179346,7.163973576779982,69.23427628049761,43.902616090315405,72.59060720184195,78.79586531758697,20.553924126373275
"Student 881",64.8825001163791,81.67377098130069,69.29214592226606,18.363557962404105,17.025600382262823,72.22310099145196,62.97143010411435
"Student 882",7.430147161226293,28.8252245715997,37.93679504326922,1.667624298928993,15.525331693218961,19.21171692422183,47.10711856266288
"Student 883",8.312438978285126,49.41668572414349,84.66129262987744,30.517221852052028,55.57572126826658,5.908641260611482,6.514859206318838
"Student 884",17.496869195110634,93.33031869192237,67.24536187519529,47.01908582352847,37.54737219731503,98.22396915382498,80.73183942896827
"Student 885",42.41925107412633,56.54911778077809,21.908765735858942,70.01229235342996,47.405277652904395,26.656455668247546,17.33406833554448
"Student 886",34.28500463204801,25.184391785562237,85.73501504753216,14.610346634783664,51.89784780848261,69.09814283974886,94.0431384288861
"Student 887",98.42898704972201,25.684179022823635,44.24891774531659,13.289943500040005,99.7121015164964,53.52195420563248,51.99326264829507
"Student 888",59.53222581777043,15.816005792008541,15.954071249027024,61.720694963473676,94.68826097255598,48.77311674776441,53.7545950800679
"Student 889",81.2545409002683,24.060581992748645,61.5453266178563,71.82141460638275,0.28527495862350377,57.13709868545448,49.037360660845295
"Student 890",90.34698243494847,75.1009000556194,4.446731136105235,47.37096749751817,3.3392899101236084,56.58229645907993,6.469440431404679
"Student 891",93.48398397391601,44.72543121457326,35.87691399034716,96.16275519354394,96.38545178256396,11.868442726986508,0.3978734291099531
"Student 892",26.4293499388257,62.623134438795915,78.24372254307639,27.163176274806794,12.649579938954938,83.92659414116831,6.845958573598662
"Student 893",98.07027068304997,50.74298195290912,98.57110543962621,9.608270041744174,95.97692657681499,77.04245080350832,49.62006013512716
"Student 894",19.600074190252272,11.66386897149293,85.94615500166418,92.48636387665886,30.83263468836065,57.52526333813872,57.084870215067106
"Student 895",54.11279273743938,45.813817121905096,77.82097906982608,24.006150779359423,66.9949204293575,85.94155713086174,32.24346027967984
"Student 896",42.045404614193885,14.567827610276197,46.89458459307185,17.825793690854567,68.55925990682604,13.834064992761233,60.31392106904035
"Student 897",34.83545428081056,91.545872660438,94.23928995910366,42.33509723055823,10.881042257701802,77.79231683368796,14.442136489643836
"Student 898",37.540890377447624,16.603352444353632,72.01886569593717,20.095462004326947,51.26757565168861,48.044732099833986,8.19448865607905
"Student 899",88.54740539048385,40.353551384690014,40.61252397881926,63.918168070193346,39.634802849421646,9.130824555117972,5.397241128548441
"Student 900",3.327870894276417,63.12742981458729,62.35706721187806,16.984804119735255,76.7128726423307,55.25957039271325,91.74369415045338
"Student 901",77.68014986746714,67.38789579464782,4.27920149428892,30.733761837495756,50.211006976331575,93.20404569490374,16.75361210644505
"Student 902",75.58892284197353,34.1697747737733,16.619047152589957,22.42096542587226,21.001683107471866,23.962575839302172,36.503924596547925
"Student 903",17.06348648630589,53.63013435796371,80.58786277653476,28.576634402054168,69.91242118982245,14.108072622665713,70.64658059918287
"Student 904",84.87347917002272,57.6414156511982,55.78880589214723,71.00737133044484,74.40757235976527,11.003458083630168,22.329010823638104
"Student 905",4.928366240639496,85.79902437778095,72.67904433569748,36.75688113173735,21.863844234815545,47.2547267311098,33.299443413455606
"Student 906",56.91562141752815,5.2671731759713385,29.55326685705692,86.41872684227077,69.69126459817714,47.23915570859193,36.72326499269273
"Student 907",64.69347497753562,30.231769966730848,26.543511066003088,27.458279028119037,82.1403554565093,50.47750413712721,54.96763768477576
"Student 908",93.96015210432182,51.174712616175185,77.56967755599695,75.88802950649483,79.52184836939873,16.5165327975154,31.692386461552612
"Student 909",75.62766928335077,33.29584979149006,3.468030869286629,27.584323110890868,70.14623107592617,66.16139761609871,94.2231437567325
"Student 910",98.40191064163248,90.1607978022789,44.438179567786875,52.95062017916803,28.61808539623282,52.243262208905364,80.74455314615365
"Student 911",60.280900041977034,32.69271741386711,64.13213563784839,23.18432069646757,67.11284036604064,53.25327655519173,36.62717169761759
"Student 912",51.732997207375305,16.62844361175299,97.44366099176732,23.191673216135126,90.11342555736867,76.36944682008799,16.505882272504316
"Student 913",34.137910622896,9.91733668016652,65.96169392388074,93.73487925865656,53.316082805625655,65.22895615546159,76.91532605611164
"Student 914",9.962703269388545,37.58488273002554,30.632961951656224,76.51269476922866,9.552390224690532,7.9960933969246835,57.361666067119245
"Student 915",81.786999830211,2.965756778826449,11.299871310961878,64.95332701942836,15.96224386155371,53.634120759050475,65.83909841396449
"Student 916",0.4886347304637566,65.62124384027253,74.1827575552499,65.45219122865923,52.86597138791149,97.4677238752495,27.839688411836462
"Student 917",87.36909298314319,40.419488158445986,25.163031092801024,41.81715987646222,77.55169755740536,81.54640550855032,41.98248123401688
"Student 918",26.532606413977394,36.145765279495215,38.196854826177415,74.51573747378298,60.84465562291437,38.21131694492153,53.14485966601452
"Student 919",27.293205136519944,80.46796299369113,32.960190171198654,49.50147330792625,38.53110361939023,15.160948255783923,16.562165864958526
"Student 920",96.81741354622673,33.38400962408431,79.15720596472998,76.83058050725528,39.379126455203945,4.884054713267969,24.947932872967648
"Student 921",10.345441007810221,29.209869631466077,59.94203063176518,99.20517422039967,59.54810955711346,70.787568415147,11.882787045220928
"Student 922",15.906133542444675,73.25755453010234,67.83953629137028,85.852774245701,78.96629271262871,90.24168103397128,44.76655660855763
"Student 923",75.15010955089097,59.24621516175292,46.11482579689752,29.89902594350472,9.138811528871821,98.55428334247172,91.16347629292925
"Student 924",16.416941988938717,14.268559825722422,11.910788386248568,62.73918676587543,14.904633818703058,66.17037033988674,85.84475374156932
"Student 925",8.876256867640238,19.45516543559805,53.317977008008185,58.164484854007924,35.098583317171716,74.52530082623441,99.02260547432381
"Student 926",88.21616424902524,72.66618527217848,19.395501148340617,40.44081866145476,26.050204941750476,66.12679218662576,67.80968769835447
"Student 927",79.12856397146535,99.48905870556983,77.12771423928933,58.18376051640792,1.6606507834226836,97.07209331653227,25.139880125825048
"Student 928",93.35373453629667,22.37578032319448,15.621244325578202,23.08298951587725,38.868925568402254,50.0211756790899,46.78923278229388
"Student 929",61.32088731200721,76.55214207915651,14.694735737683684,61.213108105914024,40.629254902411674,91.70339888401874,55.89233582241221
"Student 930",72.31311752944107,23.2986710598621,67.02662877715485,22.57052342078552,68.13156714144385,88.49262896907088,45.41566444225045
"Student 931",35.32093600395951,70.0993748322481,21.695519131605515,31.543133986682143,21.048873690336066,16.68720592942707,8.771070711671298
"Student 932",43.93752626110428,62.227617555691104,1.9699522223882937,50.700945597466806,28.441227747706122,75.94601290974714,61.718262214983575
"Student 933",59.32779127369929,67.88245549444677,73.05025036699129,63.96700133738139,29.737937843280825,74.74516692385149,9.006647306475648
"Student 934",6.871143783712517,36.459727295391964,32.58606750325394,73.98582220184355,61.450347734010315,64.07019894081961,1.4702937713356636
"Student 935",47.95554929705611,89.16256049260653,11.363386216980839,45.920799641766244,14.018118225715048,82.1283047738548,77.08982025621863
"Student 936",96.51896763373603,27.794981549078123,73.47814025539306,93.03003818692919,20.180927769121034,58.27608573627137,39.01120594156025
"Student 937",46.417063109453956,79.56180035994235,52.58646325824707,20.2798937710087,88.50454842966474,56.598058979136,14.272432406683922
"Student 938",28.32081297847872,52.3066107327772,49.96313578824411,60.81070407389678,37.190060956027864,89.62867735333602,46.40476498078384
"Student 939",47.9058755589951,40.22208992173157,80.26793001175773,66.93414802096669,6.557253401856933,93.82990882288966,57.98453309024205
"Student 940",85.15636562953593,11.77000415360091,87.55460270776712,62.25425504913053,34.12546223631659,6.186020512607531,42.073435338123595
"Student 941",41.846677517094655,75.77838451170766,8.25462559792399,18.658315790901405,21.75513846920547,84.64936117759669,67.0618210160893
"Student 942",33.433660461167825,5.365794090707134,60.27899380690048,75.08415906961993,59.22563554848712,52.37100145781841,99.7798131175974
"Student 943",58.51709298111041,69.87592486276898,32.15606088133843,44.80241092053791,23.06677855073696,89.57918942128694,63.069092479939584
"Student 944",54.28964682820996,12.11276224557174,32.04149135366689,44.29455214164956,67.93834028397106,34.221871841199665,36.22876387390596
"Student 945",78.814779077432,24.641763807344034,11.663789549776686,67.53714853001937,13.94912881483008,1.0954606253022943,54.3281088609177
"Student 946",10.716239049557815,10.3682179611755,72.62361104996738,2.081968067492596,16.45785699195533,44.29296456552208,64.074057087209
"Student 947",22.72325885182937,72.17142713661632,44.47041863899138,4.125704645638111,57.44234274335831,85.6574404305011,55.95392113528176
"Student 948",59.152873005010164,2.7290118926947904,44.31817774109298,82.27760268648281,3.697632193517815,71.20880773490126,29.29679096033484
"Student 949",75.09488993364182,56.843953478520284,51.22329889588965,8.699010909711767,92.80663722480594,77.4115524759399,77.93538886049006
"Student 950",13.139197045042451,50.8944366402578,36.09191692644226,41.68654974442743,46.0210008574534,74.54664637300961,15.483678804438014
"Student 951",53.218246836311344,4.820677675340987,88.6423194156725,52.6526000244942,94.8934329437406,68.80791044474867,79.66744269323958
"Student 952",17.088906765866,95.71643641918143,46.113473445024646,62.61639414485723,18.647165110101266,9.56684649248823,58.38083361894918
"Student 953",57.43286377350253,93.93064283255949,86.28352340141349,77.33252530122742,45.914621784197486,70.10616035133714,84.22534260896272
"Student 954",44.562345319760155,85.43956822445212,86.4429489195714,4.364939739764824,28.841077414208076,33.48109506313362,40.73679824799382
"Student 955",98.34572580024064,14.746037006521284,47.930698920274224,41.73261054140014,77.06067097689244,12.216014459317849,55.6224561400595
"Student 956",63.03230400856915,42.40438565474422,86.3236658958003,65.137319604854,74.33969637667505,26.318712870198173,21.232767500311397
"Student 957",92.89348619669468,7.110430560859983,20.337945743965484,85.99023400852914,56.35226440896779,72.78025375889682,60.37638823260214
"Student 958",46.25950287770405,63.2975333445295,59.82193541796113,56.04447043537224,80.28998679496493,61.50114544060729,6.0186096527603645
"Student 959",11.351087341858767,0.6307453699609283,85.31214801830303,64.14614382771643,43.74593027398457,62.000030824345686,97.5006249267567
"Student 960",42.09841879233472,70.64490244220822,47.321943038531714,13.007137054355052,60.010763897280604,61.850016442509705,91.40965201118077
"Student 961",37.86361493454048,81.52346582200342,4.956903599716786,72.08425252512157,45.927338936843555,20.81070301664823,6.343488372466134
"Student 962",65.17853981461316,53.780807602726824,40.83991073285431,46.708699314486644,41.434581995666974,29.729007327957607,15.56187166364146
"Student 963",41.57415796302192,49.0039962787257,1.7049325526859251,83.94044985517463,54.65676969339237,78.81083450537314,31.2502886131314
"Student 964",28.782814692343738,43.02417652754005,21.842885402977103,82.62322964365134,57.922642585121565,95.06596944109566,25.74334699466478
"Student 965",8.960072490681258,52.16639526800431,80.05880551997518,31.43165894893027,20.492290965636485,25.243552312146388,15.194206174756648
"Student 966",41.64457118089751,20.75154763441851,51.14470905871116,37.21201771518932,38.95117034095843,49.208819703053244,53.21833583900886
"Student 967",38.216755019536166,60.74391488788665,56.177389770820255,26.72521068549675,45.68566096496344,36.2528091833215,39.256217508639736
"Student 968",80.15491845303647,44.61999263468549,25.448305145327822,30.056002457871628,73.63902497442542,92.38045844163663,29.597391925918835
"Student 969",75.05292049691205,13.934113763844433,71.25858709220401,85.23231280510166,25.517724103131894,59.24379476278647,98.1367781495156
"Student 970",18.76898656882498,41.02427791323911,42.33605275711886,86.59859876370167,16.344832891718728,68.56127773374072,3.0144591495964415
"Student 971",70.59652330479511,69.7117717693861,0.34801126538125793,15.964677510258484,50.11905386846789,16.930837783242342,4.0915564981903625
"Student 972",51.15294074534612,69.64517178286364,47.362666000172524,83.9974534837407,29.18802582809354,77.00134898861992,93.6386335270597
"Student 973",64.29045544243615,83.92928645738442,91.40522374854544,49.0309630771678,41.566936515964805,71.0650597745571,88.65700613585166
"Student 974",3.0079120489456757,38.038087666440404,62.26275721587731,93.47452184237251,71.3262469437661,29.449081033164603,99.30878436369224
"Student 975",35.397596014291985,94.36863284429701,66.70200869726564,77.33222789279061,14.877390664193513,40.62218446350056,29.508967750551644
"Student 976",7.991701029434281,60.76376272406182,19.060269754589132,3.1133568673660057,95.3410291653169,26.894773669224026,66.89277455171131
"Student 977",82.98389734091712,97.76960826093166,21.104890921386456,31.820266878722403,65.14187067441718,82.39862326341142,26.74894908737007
"Student 978",68.78308326693126,39.485239708587315,76.46675587095899,95.51081232472762,63.72079671656137,45.879854648942455,87.9555403514062
"Student 979",7.989105024128995,20.91716425135491,36.195870558017404,71.9372228757784,81.20073843303317,19.519064027725367,2.8193655332286616
"Student 980",52.642078759144795,21.359697131569597,7.993239576322063,85.27001781230136,72.18372211837317,38.25758319783628,66.19136144623387
"Student 981",4.413556499991773,9.199585524770002,27.084125985951935,12.593505913027958,31.595545454831566,47.69382941431715,30.897064510814946
"Student 982",25.56728513498549,58.36995275231689,65.34900472852853,22.708660126081387,73.54336955282929,50.75903656886058,51.67959023782933
"Student 983",66.1998453692627,31.000134440317083,48.373005227595996,91.52920225450848,41.04358701582213,82.64080061081552,48.48485547736847
"Student 984",36.92770919894915,74.39889328869917,19.723085567423652,63.74161537637523,82.74256303671504,80.74238724361406,92.68568645407686
"Student 985",41.396142104229526,97.6491836567419,55.88156378829824,2.032151521264436,38.19061280854717,72.2305866116575,41.224185377488126
"Student 986",39.41160342390795,92.8689265535898,11.050900819653807,33.711318984944704,98.2717476233312,88.72366882702704,92.55793452877356
"Student 987",19.3582961383659,10.24183969376806,62.876705378662145,26.190039217982626,4.8278869441057735,90.04287265666832,39.7791750823197
"Student 988",8.143495760395039,75.68700367875533,57.15245520284058,73.64016109397437,97.20510198523009,8.520864611628323,70.13579019860913
"Student 989",75.17776103843434,28.321796646471814,13.696694653309367,35.67654783397606,41.198455665351034,66.10096739470903,43.384425021643956
"Student 990",54.12917074169704,82.32314816274543,23.882543092011783,45.499257058244176,30.248222181645012,54.50576498417921,94.89502217859629
"Student 991",95.01507289678862,55.00589150770278,2.053214334823103,47.677345765986615,76.32628463514402,83.59805028781153,52.61133445095677
"Student 992",17.076634448032355,37.17751450371079,3.9838412131509555,24.244664440229705,49.747412309954456,25.935851515295145,15.25261082244302
"Student 993",31.49005354943588,3.2699872893820268,23.78427595356957,53.49622761211178,42.19302445658729,61.5892277172694,1.7529158937458194
"Student 994",69.35861014472357,66.09862257741625,79.28266111553033,47.03511382746112,24.050755601194222,80.13428425229195,72.84277085031636
"Student 995",6.0295560697347765,33.629619245803255,75.60791667167153,44.66168553597633,94.83166418018763,28.04661752417693,76.40758094345628
"Student 996",31.24760276631382,41.05204518985268,4.644912233588301,55.44155638111273,11.594529229907483,88.43360526434026,55.216736708311956
"Student 997",27.847433785363844,9.594943228370182,36.52828141907193,61.77806644908039,10.45183675879712,16.108062520598885,35.49801564183527
"Student 998",9.768332727156492,39.44408175476886,23.10188842861856,61.141628988784255,94.19934976648486,95.35864025424885,94.74577994656383
"Student 999",38.64951870766567,0.38911595063892324,50.307747614832664,99.70408842596625,99.45637608662676,8.503112316982845,40.33318037272038
"Student 1000",90.91203564018589,65.55401267722922,59.129206043679474,87.34927606927397,2.002974027431088,9.576562850412078,51.86816939330448
"Student 1001",97.45555053143391,73.46957913868661,46.70331875965945,87.665030674224,70.62709904734885,42.27342855063403,90.61545073214758
"Student 1002",27.59250128789887,96.39799781863351,88.63318876974292,2.9234500214226236,9.876824776907641,69.10497383226586,8.51758642354409
"Student 1003",47.62701037094653,68.90198678283464,53.44322241073716,97.53250500946598,57.90656551018494,58.04877117180649,73.30916569066132
"Student 1004",56.24460191498192,37.144346427263486,61.97693860686254,17.968185577779195,8.918353732217,21.850626383993916,78.07635395084651
"Student 1005",28.34247906155517,11.188237263018731,7.6130386336893725,7.130735780430096,35.994712480045386,53.56586565265153,72.60045758840266
"Student 1006",3.7552695137841328,9.053464485028261,10.908107063174233,91.73118691844242,75.81236946602968,54.4895435433952,77.2506141438403
"Student 1007",19.540621752730114,36.2301694870651,50.55062483556352,63.607386546665865,54.90746474625106,81.21795547363598,72.93351253202566
"Student 1008",14.924780519878594,13.042771564317535,76.29103056352925,52.44327663184431,4.517402343220138,34.9540907970369,24.994501264972634
"Student 1009",18.618795164663666,67.79001584903271,52.7373017165336,22.888067407639817,13.028525202487165,49.73276690937256,71.21940747783965
"Student 1010",46.03870724626779,36.98028027372538,69.32711748432348,9.53493126150131,98.90310782144451,31.212731854901715,7.315301898564959
"Student 1011",52.86197841283633,64.23003373732563,33.861307804449595,12.519805211932825,39.77263445558199,46.35390004900625,94.9015691422485
"Student 1012",53.57242339305871,51.99787620891249,5.026965183799407,63.01042031870239,1.1415539546158628,9.290649428851497,48.03368451096318
"Student 1013",77.88591224816854,0.1805362661959439,60.52763359539469,55.336328229429846,43.00611927086377,44.38084240695142,54.38485060514678
"Student 1014",33.26651039996947,5.858331276261271,74.47468650302692,73.43389506654134,23.950322531208148,17.90929525477595,42.071505922129546
"Student 1015",17.585504161115097,62.340872654524325,12.660593458442248,99.92113924010762,11.300375479716301,2.5221482671688773,84.41554256156066
"Student 1016",93.05820574018846,15.007833645956515,95.17464317669277,40.699281195793674,29.989407511617976,77.86101551896746,5.040480422218835
"Student 1017",28.960590637268236,54.04875198903192,30.949786220388354,42.967163147566865,67.21272631308626,4.004151318886029,12.250109182781216
"Student 1018",22.2784452225396,57.984156748527084,65.98011640870033,66.12039487912642,84.84437989341124,93.3602636895277,86.40534819451292
"Student 1019",88.46409223467663,85.41056584790286,88.9042884978929,46.62768702212354,92.47608895024261,49.954358659217256,27.92595941369036
"Student 1020",6.084869210590056,45.485570419531165,98.18264950403098,68.14142479296312,3.2781650726716585,54.728938022678776,35.13447863908298
"Student 1021",74.33937085725618,78.62914738536227,56.60191601212522,45.13040901922999,29.497034074087953,93.59858503679807,77.6551179164733
"Student 1022",40.52696858153036,27.329273127171945,87.65704797540457,44.8386970448728,98.63282165069529,37.97115079891559,1.2322523557459004
"Student 1023",30.308379338146494,43.582761098257066,10.847186115334878,76.72386959052542,88.17630523915854,59.973052415329356,14.653672312139168
"Student 1024",23.64914101005623,68.55880986385658,1.4823673014193552,42.695885214052474,57.575571682812445,51.53606162505785,67.65705019753972
"Student 1025",82.18445481237592,46.468526031524156,73.02187452068041,14.493199022372515,37.47957999946188,30.833456719397795,43.972437502816256
"Student 1026",61.14428388429906,10.507379303452593,3.5479914435444653,57.609402854301614,28.950788339384086,62.253726046954796,37.48700876209205
"Student 1027",41.31779787567732,16.21451815302128,1.7850141535890045,28.583473436147138,58.43764400636867,75.91397761261919,57.36544182077499
"Student 1028",54.03796021145235,67.69523497758215,71.69134172045347,21.437909594972385,60.432246121050234,16.440123548868023,75.5254457480876
"Student 1029",51.533205994121346,84.61025776167207,66.63235803620375,12.89236387290448,74.23694601800052,84.21346419072965,90.31363793399339
"Student 1030",13.349581824651285,35.507974053842204,50.09145161365509,26.831774801064146,69.19925455931322,10.41949383253669,91.68458768028421
"Student 1031",37.87524237264896,28.962288172661165,6.75643941790737,99.28384781601008,75.72360324476614,65.19014544177197,71.49046723374153
"Student 1032",60.712046764580826,97.89085783778717,26.951130678004187,4.651847988299603,67.87541465646629,36.92302102714335,12.460913895281296
"Student 1033",36.044885202400366,50.53907609016848,85.7646399566654,73.72373359247987,7.914410579705115,32.190122888411004,78.19741471065753
"Student 1034",86.73656039232523,89.07843220870487,79.6827365539176,33.40481800191792,69.79720617898018,9.860800973700117,99.87713624578747
"Student 1035",91.96728558704528,41.32466761223515,86.19869323230671,43.05490041332915,74.9152209448557,64.66402315983666,60.68246957955292
"Student 1036",27.068145622263355,41.86983957839724,31.454761288064827,78.55338311427037,70.741365069464,55.43513836969488,87.66465181738172
"Student 1037",89.32533749728624,4.908321162411143,59.620853197567904,24.58135139048187,51.019638728459995,1.763984399289219,65.16927292945431
"Student 1038",50.41900139029817,67.00138294843366,32.33236685239781,12.678673215718842,74.86318440934889,89.73039316920412,98.50311246983385
"Student 1039",85.39877809070167,33.528199962195046,70.27948180863184,56.87390521899635,93.90659837333337,98.16719433509188,55.624455464031556
"Student 1040",54.716922702496454,95.52503600407756,83.74374614505915,21.90705307018052,17.720415416453417,65.40290892182558,2.8435142282585297
"Student 1041",76.06133598602116,82.42001874526117,64.26602620290704,77.86370913181095,45.9558418617182,16.60171758372015,24.40934471796673
"Student 1042",9.77151952147744,4.544718460671344,69.42948661826439,27.049472265391312,29.674535114440243,85.79078630728178,86.77060946833213
"Student 1043",95.80531478240178,3.567404841428838,82.72183260892044,28.45093798401111,18.54562316401106,4.584896560956772,64.53230704735606
"Student 1044",56.89863388235362,87.94339420946267,50.59323204614468,30.629144739972812,40.78785843360923,59.021427214817294,77.95546141607412
"Student 1045",73.83779829395203,67.46828055835333,15.791285480996937,50.04141418229522,53.98945577013989,7.7513778981671555,75.00312088622934
"Student 1046",85.54515341325254,32.827588708323844,26.846134838252844,51.02070383711441,21.664135063855383,27.067204099365117,39.69123188454187
"Student 1047",57.6653444274796,36.325701275852964,46.700101543010476,12.262631212111435,67.78396436961103,6.054083504860512,96.46474037914535
"Student 1048",44.17347165039898,10.730104528594001,44.94444267849136,13.922451664688582,80.73681846858793,9.31966726433412,97.33697600866807
"Student 1049",78.38069487976595,38.26774987270481,97.12020486129667,85.47839325684974,38.97434809684539,9.683721071767643,65.51633049973657
"Student 1050",27.469508261955887,44.94825797455903,5.651416507001233,42.3920580359134,33.67896207569201,73.5517170225191,19.272433525573273
"Student 1051",15.151418361023753,52.22819125000691,13.597263905420515,75.16085471847387,60.5270544232315,89.02760528393614,16.379204118804015
"Student 1052",77.71575021554924,38.117452503828744,69.90594132044865,50.16719741914557,63.379951530202874,88.37942269375833,61.94208582711176
"Student 1053",38.92457527132338,97.56127396745624,6.233589333284169,62.26551055934745,52.814624459841774,4.604547404201238,94.27916556437039
"Student 1054",66.4554014933897,89.6729746965562,73.08319528699342,57.490833891733075,18.204428972436766,67.1867045905366,40.65641237684691
"Student 1055",8.849624650371265,10.016924405624339,78.3095259786723,71.26719988668164,46.69263998002675,41.56797996428114,65.42294770134515
"Student 1056",33.02453998574243,81.80786962870336,35.58072190777454,53.77354630331417,72.3364893967741,63.87735103132447,50.60218360883854
"Student 1057",25.06807509558144,41.40552944827392,76.1659880554171,0.5780651955650057,94.13712509914033,51.031709766921175,38.39278579275672
"Student 1058",56.235934156756116,16.35264710994346,19.03489014710853,79.18473167090359,48.215175529253,83.2205593308968,65.8109734070614
"Student 1059",58.897164600652005,36.982603916999714,30.46503210459857,21.42678657755009,87.35095139885388,42.52617947282549,29.56828501628312
"Student 1060",75.09573328750217,24.514854100969842,60.6417849776472,22.790513822839234,58.37369034796866,11.451830728490538,22.798803151672143
"Student 1061",35.97097158294742,68.58419252726438,61.1455078174554,31.522627746046396,76.19392986600775,29.687239402665444,59.82715419564454
"Student 1062",73.2559164833841,17.93954429634552,84.19343145251716,74.8880453122103,36.45457336143749,24.161860668425682,15.827649870329122
"Student 1063",16.511197949058378,3.006454347480405,70.77021628643891,75.62629077205573,49.75571299290539,70.83826850485563,23.544331528275848
"Student 1064",40.32961276643018,70.3483482877157,79.74302788508982,98.77549805156622,21.900693242774842,68.47582915830347,47.798038249729714
"Student 1065",14.207467639375526,18.980464508056293,33.4714779569003,74.698784884823,72.85774914416918,60.04483888797807,14.531439335311244
"Student 1066",7.728388222625086,5.06787003193644,83.64138188204964,84.6264075683813,3.555128256033485,57.10517148879099,58.73028740503445
"Student 1067",8.303556113342756,38.9728799224305,79.42426733761012,5.89957650486029,84.04765266124386,18.146756583258846,96.86846590783912
"Student 1068",18.590312002947204,1.8261633371535593,95.18334828972309,14.477075682331671,59.921250437729014,84.49464626679942,44.206586215621066
"Student 1069",51.7471246878881,46.69869232888077,49.50628784268286,59.052441640599085,75.73753501112981,24.80576358897924,77.8730430980084
"Student 1070",54.13972215381777,40.1714952481651,21.303844405234347,7.707481665266401,32.10602851754947,14.6640392292057,91.9285687111041
"Student 1071",4.964726145000601,11.722305571308707,66.71307981999006,34.66919063745091,59.95328638970552,66.58788375912333,26.14874454318434
"Student 1072",93.64928113641686,6.651888989476788,56.28306013198132,14.428633270414862,16.230353073927535,86.845956676611,82.206742318446
"Student 1073",82.92561385635904,55.55527227991048,49.44864793870948,68.56172617416134,68.4187084295995,81.53480294244333,47.148994084759806
"Student 1074",49.104424493593086,41.588394662480184,91.99621802020312,34.82457605882991,23.99652853768413,82.72717031412196,64.00920641272957
"Student 1075",54.75438885777578,17.581944316772756,18.070091101590535,33.74114714790171,73.34765240408863,43.478506913661604,96.33443096383351
"Student 1076",45.27608220526027,26.944060007642257,38.26476519851499,15.204782760226268,3.6769487701600685,35.35777412259857,79.48480908934467
"Student 1077",89.17290629198075,75.04947545415249,69.36857599123695,48.890639549766185,55.462548032161166,70.5103130567693,14.897585633182809
"Student 1078",4.2059322084354065,93.59883841923823,18.387940397651764,48.85885662378085,56.44344646485281,33.44130502745477,3.853576497730528
"Student 1079",98.5029354188762,94.23499765822528,49.82217823527668,21.58859126930776,97.81007375018866,12.228480105344511,48.121966872111265
"Student 1080",21.05642905765817,12.952308580468308,35.81520259096977,10.629141927810961,50.80198872157693,52.20281841290253,23.271889986055687
"Student 1081",58.15766309188709,50.14146349799443,40.91816832906549,51.43934365172622,4.487394067799679,89.79415492832052,71.99281313840754
"Student 1082",78.19163771796792,22.275677785127897,21.124697511449888,68.0140472088813,60.62164160836957,99.7780998361649,10.595459765060777
"Student 1083",12.776656246998089,18.37188011406958,19.595008942118838,78.73991031979197,38.01934885850041,29.18194000361838,76.81295990013741
"Student 1084",9.480255398378223,91.48239316225101,55.534304963662706,29.536288899196016,71.53491973007755,28.393556059114033,66.69418321897636
"Student 1085",26.722600621507077,19.904377136744216,55.2339165679608,77.64984350405241,71.23271350023852,83.7251621231253,79.67091642898015
"Student 1086",45.577666032012225,5.016217448103136,90.73059967520877,42.19011089226597,23.42318067782245,55.52124553071025,43.37753223358957
"Student 1087",37.30130657856602,73.6476835335059,91.6281265415817,98.07163000211133,72.77509245903312,45.06561137234578,30.43520586416052
"Student 1088",99.95751555778428,31.901544185012256,27.33325683273231,81.93405738318884,44.812287989220835,84.53426638570147,55.488042337055155
"Student 1089",85.37860933004208,13.344355903778274,38.13341510618326,83.9020467324007,96.46629471451517,1.2391809776142442,45.20343273844178
"Student 1090",32.18470746923115,78.43683335725433,20.506428175223803,37.74774780409188,48.84574564513755,28.344398651393416,58.47897808934379
"Student 1091",14.237410523561364,63.078055615122366,55.25251925877177,63.8843197366467,2.836226458219874,58.24958518457177,35.11750201643213
"Student 1092",46.072141084352744,99.56011584797172,35.93240721790824,95.57464901823752,80.43038565230145,54.45899473365301,38.87382698897451
"Student 1093",30.16540329276165,55.3564128981066,46.90607736441164,7.299539073772242,97.74018995678023,60.662972073188726,83.9303158713165
"Student 1094",57.953684084569886,81.91815083335783,42.38457847462837,8.061033605553543,12.070850594690466,70.37222038561463,24.704189633629422
"Student 1095",0.9000575974664273,44.77938605286578,38.923198310748134,21.727051288776668,34.56556090719054,6.288627628283434,86.0615604991484
"Student 1096",31.79441711013653,87.23572349482937,30.913507818855685,77.16780285302094,9.69100637578683,16.668791819761815,1.260253014890051
"Student 1097",16.433222453739198,69.75492180493073,5.677950736568066,36.02992058734832,92.99529588112019,31.486755934361604,22.342504596027478
"Student 1098",68.47754677671833,53.28933920866989,33.176731500395654,17.237558298278028,64.53286126951232,46.00644834158894,48.66554519224414
"Student 1099",87.9821538915976,25.380467854432997,90.55289684616974,51.36461022575028,92.84978760193326,87.95501990117512,33.129098024900536
"Student 1100",74.8187043600321,44.82016384527126,69.20723920041314,65.22800870290176,3.9990317006522287,39.19127246374576,54.36775197540945
"Student 1101",4.432960991495107,96.91649930350093,26.813986296376523,18.843600698940918,75.78662099945659,44.88944501206571,93.65410926999606
"Student 1102",50.99349509811832,55.005634727209575,36.01812815525938,4.107920258948909,24.92386242472517,61.584915565610586,57.28472232507159
"Student 1103",19.08540093954816,71.66720853846078,76.26574227714973,72.92803576137355,99.92137053814247,12.602143515927125,72.20285858459366
"Student 1104",21.361772750230443,37.965564195383514,48.1354033298514,37.195170725586316,35.256792167845084,28.56352288190344,27.13967234906307
"Student 1105",12.622647094056685,63.94875884061446,46.32143440982705,24.634069971370124,29.977898690699124,80.4254340727804,24.13598714999805
"Student 1106",24.866231328431653,40.394071588577134,52.63882395721039,33.694677476939994,9.404741547188081,42.38922812622325,84.09487858224772
"Student 1107",75.84829439014173,71.26709677058712,89.51320352164733,46.901189011487375,13.360434274660413,5.783428778802739,90.70088425380062
"Student 1108",81.91703408381163,31.4775675510771,2.180074598929418,26.04556673485322,77.48306722412865,90.46895605107099,11.576649968469338
"Student 1109",10.026262278745518,49.57187821661629,5.882442482375474,84.84975410156991,34.29946488956599,49.47902166754289,26.862475404925313
"Student 1110",35.21053027932427,61.033349852709115,84.78409306446754,14.239901807647657,63.487808306497286,48.44697417403269,90.10432921725199
"Student 1111",66.08201152669679,15.136671639586702,83.0952852406376,45.09931650714729,38.18827652749149,94.94497023881021,11.047274299286787
"Student 1112",33.08442588449671,17.211402969449615,57.883641565699705,2.5070380189557566,11.269094304280232,14.418072392590215,39.33169300206725
"Student 1113",53.62526379348308,37.07409315403658,76.56032968450695,89.84793825810478,1.5242041400640405,88.35593564400035,94.35088746481755
"Student 1114",24.940866155139524,79.49272794750512,96.28489008802298,96.03674719196931,15.843227817794151,17.479660570191143,23.49637158099745
"Student 1115",0.15120285252382637,40.544551549214546,81.88501661077552,21.818361999393833,48.140383959786234,20.504304386799795,65.71250537370479
"Student 1116",58.09842222857442,11.031339978298929,64.15503896275978,59.8275887910069,75.19512215176219,17.474315946307698,59.93313951168688
"Student 1117",22.176282317841718,83.21137230178948,71.7076751198662,35.422218698889424,32.01819418090121,5.311545154689203,13.569834943071898
"Student 1118",41.198554280271544,68.05939052645473,1.4612923086868919,96.34278025188637,48.40317195567878,42.464576386270274,56.57170381373676
"Student 1119",42.46728389742637,61.48774571483607,0.9247416151233879,3.2348560371121646,28.765613718266138,90.20450923819287,29.758241059204778
"Student 1120",47.90945208604764,77.53237204391485,80.88722135762909,0.8557101518907545,64.93004441867285,72.73899287420662,27.157797606540697
"Student 1121",26.892784511347074,32.75320132799416,22.02753063888215,15.83382869051091,45.12477750147338,29.26273877806142,47.75007567933664
"Student 1122",44.203686299789354,99.66601845330015,24.12657043142041,41.04362364396128,95.7069922317406,11.578740036048453,9.86227607715841
"Student 1123",85.5488510479554,49.98401896443495,30.710398467605295,0.8234135541043097,1.9896790785452823,20.576570252957563,70.79319725393458
"Student 1124",0.3697453253354105,66.47571310177746,35.7403803541089,30.93667319120109,76.66621041693166,51.66523111918245,94.00610062001323
"Student 1125",50.72071070897304,40.61815778837677,8.842628281123739,59.511443710965764,82.17162403183337,48.80929514664318,25.450150224071255
"Student 1126",66.71993035285823,84.63108607820148,70.21707074710129,88.87701965717939,19.49651056232818,73.20966445924611,67.68955554896667
"Student 1127",79.64674125453081,69.90099218541647,85.12543453556994,63.32676546505651,78.02098380462724,87.40365139474446,9.952182802990366
"Student 1128",34.466242707810515,80.14352265545821,8.64321839907451,41.00073186362373,21.417881567224022,52.31431389333079,47.071230585659215
"Student 1129",33.022327084599496,30.96953246038033,29.531336781768637,41.714568492361195,60.71176663637022,26.951794912862166,74.8323706161177
"Student 1130",59.96180557573971,0.38151079671508864,76.09934267875096,17.354410634071645,83.02046016793349,24.390630306974433,40.89502053607504
"Student 1131",18.794344609715893,37.355561232974374,66.58148527988503,66.0931339416387,8.944642590395354,1.015104096912724,74.12942621897724
"Student 1132",38.61252461504872,91.40573559954109,95.37657963217553,67.17405028546095,51.68908636799831,72.45995526502733,43.152890239560094
"Student 1133",29.143665856566926,50.9333614452014,2.376522607496335,73.18074894536564,70.25477191826256,22.84636118518216,70.43567072845836
"Student 1134",68.7248622338109,52.06791144787798,47.506886271497855,38.04876860814914,85.81293191811548,8.458574417392004,30.666835878160718
"Student 1135",0.8528690675044223,55.83889062392302,63.421847160537695,2.7242277364118133,69.12821555165962,49.93863669566589,16.627476360353626
"Student 1136",36.519661274696446,7.234084859360043,42.261010012563844,77.839504539041,24.50996050915233,11.502392799659319,64.85645063693494
"Student 1137",75.69045111943976,45.89827765583283,57.12831354969723,51.83395389255268,40.56704636432271,45.52467419412093,49.2076834384071
"Student 1138",72.94588860235342,55.00642484669701,0.37480363808845146,3.22070993093434,45.47970357796503,38.33990947790522,7.915988262940665
"Student 1139",7.140488067877514,63.81923747104538,87.31135325879926,22.74188660054329,97.76230212855971,40.370455576989,80.27268626879138
"Student 1140",51.07438432003936,18.26573893780597,77.91352809752837,56.750557948742355,47.00617554826025,25.596901146306767,82.47857885876925
"Student 1141",57.81005589488887,73.47936011146734,30.068345327613255,61.50593078529049,7.4403747380682725,2.948129818719242,53.43452687459407
"Student 1142",3.424536762363581,57.02044575748143,11.071059140345243,64.96664802460283,42.02197174209483,0.30974088858839943,66.96335483910106
"Student 1143",58.66002793984697,59.13749742519813,57.215676571994464,72.13890534017938,89.88918937750161,37.784978065433016,68.71147559641693
"Student 1144",44.71272039786447,62.76862961494842,46.4692153512425,68.95209410390144,66.0283488833498,63.40407749829694,64.83903844520687
"Student 1145",11.304621907357387,86.68897237980089,87.82731632519769,70.99113635488582,64.00711604167076,4.586491223116825,49.039620884111564
"Student 1146",30.665934880405754,53.17181849871873,49.778932561079245,66.29294383251974,58.72905607578368,24.138029577518477,20.837800630462258
"Student 1147",82.07205653679328,55.32944811524635,8.363772243851667,34.31376674838607,40.231658001557705,90.67824102608108,58.04748909576924
"Student 1148",69.08613722982538,64.65532162939547,96.3735919584427,8.256907498379245,4.091695291207578,12.36711665034343,67.16555161036179
"Student 1149",53.88931757704894,57.98588859867927,41.03316579168977,27.326832721991064,13.005725109586278,6.317924507735598,88.04214217870864
"Student 1150",41.3656193071878,46.51769412732861,70.68105919924274,91.9981584607226,1.677658093373278,7.638542622420576,22.5279643184596
"Student 1151",25.069863781678535,2.5427461189794482,73.25720227533247,51.09035172421306,8.579644426726542,79.53624017033711,52.91191058210949
"Student 1152",88.21738373936418,55.122421164167115,97.84921646359953,33.28096410137145,14.493276586833717,53.75737536959241,48.022674622932996
"Student 1153",79.75944313312051,0.8996942314777114,63.88637935037826,30.10525524878413,43.11622604043613,59.4398848741382,61.51418170090488
"Student 1154",39.48305154141856,77.58809800434298,86.49636226112978,67.17949473167398,13.494121051026763,71.75945379683536,41.82066906242343
"Student 1155",0.13360757327460657,56.268080610041615,26.6521361724401,72.70109363895843,52.076946122752965,22.14270947331055,47.52481469521214
"Student 1156",26.949384585937548,51.35555988773933,79.6031096700166,7.2096579527238855,68.09180554403437,8.801118456790691,48.34898611230237
"Student 1157",72.1928147006262,59.83567592058653,93.7238517536482,63.46139902236192,78.27097755189342,72.48463215021351,14.400659073618108
"Student 1158",68.5750808662777,61.03186115401852,67.0837660783012,28.676212429129038,72.47121454579991,94.35706601582967,65.63662820534995
"Student 1159",33.238591949615284,38.198470668169385,26.88731940057274,10.205083357304384,72.07963818465265,86.66397063901184,90.18842430389111
"Student 1160",69.33924630969499,58.26723790173588,20.879521314696053,46.925924978143335,27.102748219258316,45.9321519716112,21.448539291520817
"Student 1161",86.76031864274844,23.338973823108645,44.29820988249406,42.92767459998846,78.87064959005436,10.200136554298776,67.45888343205246
"Student 1162",59.14626773503918,31.240282651212787,31.546918750861796,8.874388447945531,34.440510044878955,40.51688371329955,17.67540453292071
"Student 1163",54.532049004615715,10.085842960809838,16.64036690326772,11.49212770861456,56.601671537056234,39.261795546401586,28.560691038909976
"Student 1164",29.581168354925925,68.04677766617854,2.190388342754489,88.62291412307522,55.38722803810262,57.136079506002616,28.251844882239784
"Student 1165",31.539368818504528,30.33355775758702,62.12835489052355,91.32540711473847,4.020154469218806,61.916047395857674,57.78605977365978
"Student 1166",90.1058148444065,49.31726657042109,51.30924533775792,54.068570965920536,95.56222187371714,49.994302605562815,45.4737898167701
"Student 1167",36.22334553054493,64.96167439205585,37.70139528855694,94.04084285987547,83.60247143824621,88.54556508435181,81.55138665158073
"Student 1168",45.07917451897988,8.264187912435254,99.64287771517427,41.45238313027829,10.11426745514373,46.167749626358926,26.945419071942077
"Student 1169",81.8096999993701,55.298544532412365,32.25929283441864,98.75472097657935,48.07546808043552,57.06207151866091,13.497725226255644
"Student 1170",10.915551914547422,42.93577998426997,90.61406531367734,96.4351304350542,20.822225872507648,98.63730703533375,20.310192943981612
"Student 1171",86.39051189548827,15.164281557075993,88.79540807939239,40.93833671719594,17.329679783318237,82.29284585548821,11.708731985036222
"Student 1172",35.18822762835664,45.47412328239726,26.909841944966168,11.652340579058682,52.86065665814377,23.540721782161857,83.33465801387902
"Student 1173",12.29024164024004,93.95978249465935,17.916974317393176,56.691734694989435,43.30810860660506,30.041934328500698,37.75567684372314
"Student 1174",38.715541097037956,69.67572074927764,39.24813263776484,38.256933893449805,43.550932027230346,23.754263084017836,31.410488843232347
"Student 1175",78.36518313775397,73.25946666455671,61.56546155693153,65.34072815054448,68.06081239113502,45.833317901856574,34.32790553846817
"Student 1176",85.71829524693436,68.50929526072308,62.7918949684891,22.935602252216512,60.39648951617267,43.28178902098192,96.3228002836401
"Student 1177",17.23268952823175,73.61344932859303,3.8916967382766288,59.10477832734167,9.400376921096147,72.86492184660275,50.155871581222335
"Student 1178",34.94022174417951,90.2097396145964,3.748850347656238,67.74771978852083,16.081963760534506,97.60374941990119,82.5502169472013
"Student 1179",16.263590293129774,91.71325935647583,46.56253997644581,12.398943576462925,19.87896133076446,78.09401276571263,1.684484191990002
"Student 1180",96.79319288101263,0.7510309796713195,20.74826354805045,80.61897852934051,40.73856503349157,62.65315111758899,45.051521674826425
"Student 1181",3.3122548167819565,52.9324781063495,16.92558386682016,98.00305771616567,83.9594654524886,53.56252469638419,54.24072302757992
"Student 1182",36.35942582446891,64.55628518611063,54.89917862121276,18.90982434144652,10.084448788730672,16.30201861552589,74.7527810533549
"Student 1183",0.1552220139511189,53.70550982975642,85.25614802306127,70.29100297625897,38.78577528292964,94.34324286491905,24.62838448798572
"Student 1184",1.9627945812651977,4.420355955865409,43.455536212890955,78.54810061693419,54.20978437750584,42.85052722090442,6.141482132323861
"Student 1185",12.14471617872692,23.950473269615124,22.56017825207892,27.37414046852557,55.52749155055683,89.35474157124209,61.36201710727658
"Student 1186",6.828851891522933,80.2674552938347,86.54277412793694,84.93773429098741,91.73649710889367,15.238127178579997,31.727605067287
"Student 1187",96.06403774715082,33.960462152391585,85.53720987325319,38.488427579647386,23.216434778207955,46.971781295686235,86.28903431881264
"Student 1188",31.130276507357422,85.99780134656324,68.6903369275067,20.447593624636696,6.498832245892369,77.49556611375934,95.58648961360488
"Student 1189",80.89948952475075,15.36324828977828,75.42160185295357,47.341119290716186,8.979616208067172,0.20557625642613273,36.65845068477426
"Student 1190",68.37975018790911,16.067782120244864,30.417366988806705,14.765396142356884,31.816831150587387,2.121887120933661,49.99238338830949
"Student 1191",77.55424613878854,34.03558806259318,53.10752709024227,66.8196956737423,50.54292433279161,33.592545685751354,69.8105594403863
"Student 1192",48.370467463681045,7.652388372619925,29.19868565874265,77.57705686765674,67.5260008806489,70.42107927848656,14.30254985731767
"Student 1193",79.17640232294626,9.197295858205521,11.948604270977297,74.75207032994959,57.74872276683117,9.77653967449197,34.55783664100045
"Student 1194",53.54506540567496,58.35650037831852,53.905841443494275,83.67152790830222,92.34792014018977,40.09532722538115,28.13479091208066
"Student 1195",58.81038261719276,74.77804300789151,88.67777270691003,4.7460548273041345,48.68442237116064,70.62420357041685,84.13136710131907
"Student 1196",16.21281842715425,97.35834504321498,18.720983514558863,41.49067708568619,34.40143902211419,31.753944786727246,32.18315224539547
"Student 1197",53.131166207555026,92.61472594554755,11.066455027001082,81.60306536068816,24.19979959375253,85.83525036149369,65.52952766103395
"Student 1198",63.17146504400962,43.8622250485117,2.939448006070857,91.10071319535099,17.869607340211452,80.39025346149771,38.93523397879981
"Student 1199",45.66722011494677,34.56703944933895,61.66773347505451,89.04591406064985,90.70315708414938,28.71423171483508,26.556431807769847
"Student 1200",34.07576677037124,1.7598943078484635,58.03919701603615,39.24969011819977,56.3184683584729,43.520298615104934,35.123139779034105
"Student 1201",35.97540315394907,88.19352073403671,40.43209861875866,90.79153901659805,67.23230864663556,60.84745956219536,69.68690350089634
"Student 1202",4.132614897783089,16.04571584288865,18.771291764533814,13.919871877787294,19.567730496543902,99.24920504970916,39.18046934988899
"Student 1203",26.239424004978122,20.136413822365068,71.10054902347709,69.15975014866562,36.65663288819421,51.300700841020664,1.477559812783911
"Student 1204",90.3522902045898,66.91048221183418,8.68431074126752,17.891665610115982,20.165555879068194,50.37180855201095,68.63553903231941
"Student 1205",85.57390196900091,10.460524217214118,6.36614074949703,1.0139387289619277,73.58869409902982,85.56274101254306,36.15582788494667
"Student 1206",11.926044610320812,40.52021612531106,86.05713051897087,56.795728537355814,65.7740341166619,6.789641079874599,37.80634389112237
"Student 1207",27.8971899642656,2.8218792695047767,0.9070803324064575,73.01769814351317,11.645354131317674,5.574579229921094,15.946818913688892
"Student 1208",84.1670057783156,94.80638433843865,56.84091929173237,68.48951872857678,90.37181680669521,21.15033467678586,37.162902702711364
"Student 1209",9.18639617056972,3.5242348700716297,47.368073312464496,27.454942062755183,2.2310276307623447,71.77761246594247,31.91024113467685
"Student 1210",11.971475841673216,46.054690879714414,85.16458560432805,35.38898384787014,23.62110635869582,94.33799206741864,37.23764473977017
"Student 1211",47.359448976527865,23.38535428784087,29.205179607393667,10.41285098209847,86.35842425048988,91.83473688936898,41.714619027827915
"Student 1212",90.40939609165284,43.312811240010184,40.285762990202215,9.38181320545654,43.22924572815984,68.76766117585251,7.4611528708152255
"Student 1213",82.99396247991666,61.86399870546422,41.33906062831263,87.93972923520471,20.29335588731172,33.667425303760616,67.65507115161691
"Student 1214",30.037293924624624,90.26245295643277,51.3221559877032,34.669090429332556,42.92583573608051,11.766816043180736,62.1467737441042
"Student 1215",40.26762305738855,95.38824794723,72.94000276999343,1.9304563686036729,53.39658843551042,74.88583353923318,2.100869602116199
"Student 1216",87.53245773963553,47.574842497647516,83.33682300440462,17.68926252623463,97.27892273643786,8.601055360552202,85.2655082077848
"Student 1217",83.85220029190367,56.44401310847857,77.87268343807663,89.2788645736082,87.38495355621554,29.628533459291052,29.122418321071297
"Student 1218",81.44200965224213,51.84472763547115,90.45386593972489,74.72750267649971,13.419810065519513,63.61890622441473,0.4075798544099885
"Student 1219",38.775535934932236,17.806148990756785,24.706527053962756,5.025624239748621,88.75133350996536,82.67680540492324,15.195671656569951
"Student 1220",15.76103315163142,96.69971276247179,38.1577868187104,49.488980216489914,21.38971650641346,53.685472547717225,59.191613350154604
"Student 1221",6.67637014901817,48.932261701900806,42.023137975452016,65.10047275859941,78.40521783572922,86.61558540582477,97.50732559947653
"Student 1222",96.81322795482576,42.60540052812913,68.79124630790699,38.43091673327899,73.50660088064822,43.007264642329744,21.139935719538748
"Student 1223",53.7363268741739,6.230165074065712,63.50158483349484,96.84716492594659,50.220069945964205,98.90172048114499,25.023823947905623
"Student 1224",53.33999581602843,42.58588460421261,62.70121792060854,5.705566314097349,10.427872908925421,36.142814550122104,98.9099904504393
"Student 1225",23.052711913230784,38.047717589906576,29.072931064876855,32.22474354206153,94.17155089605345,30.484171150382533,3.1084142629586182
"Student 1226",51.81320855096868,59.064160761011145,12.49314474620402,94.57294544541462,94.36304005155482,65.89219007108902,71.8112819089272
"Student 1227",73.25185420925389,5.022070170901081,53.26163644927217,10.948827725328368,62.7983727753334,61.935391182783746,73.00881665899003
"Student 1228",90.1238671292093,83.84426992940557,97.62812633089331,27.94242315537932,86.43758368675239,94.08778246964098,83.20064209117301
"Student 1229",86.82550314496332,6.794448869241519,41.41760217084232,29.593719610175455,82.93714033546867,38.1878511312998,37.58775186953308
"Student 1230",92.54647586773638,52.665179480557725,31.405554014010363,65.740431574908,94.66604504455674,73.00802002512634,91.9814992695866
"Student 1231",60.77230159028251,18.46033964737778,33.97639516644033,79.17988486483893,24.7782899751396,10.64322012802967,27.99269582453892
"Student 1232",58.23522454079664,0.590233074111722,95.91064637377639,87.20325877690512,98.26895091958426,31.684146282111953,42.34119242184334
"Student 1233",43.658303657916285,80.44055115967343,48.9848574899986,30.671503745794247,92.50203993027937,73.19083894225443,15.296333817415672
"Student 1234",55.0077109412201,42.82538490811006,37.26356166113416,2.6668173647802744,13.549641023732518,67.0343904703585,7.38161821621721
"Student 1235",60.20531448612827,15.560394985911408,57.78477960093158,55.29578426221061,83.09455033945258,79.07906324685659,65.01722060533072
"Student 1236",10.484677708974456,70.69445203736674,58.025951121919704,43.193911320888944,82.95520081852732,85.02634915207297,89.71656763606755
"Student 1237",8.582382784291747,32.16409165781518,14.232937808217672,7.28909235733178,67.73075099323269,1.5846069288566893,46.13815615824367
"Student 1238",53.880771690207666,40.387292586256564,70.3850542871297,85.52521712620343,59.27862092861561,35.06872542200825,32.89244707621185
"Student 1239",32.55459141791314,66.02309353492397,40.086777279124455,80.88881703548509,42.52888305331419,89.66706725080567,57.13987666667545
"Student 1240",74.43872162720797,15.974132422009745,38.15381983449234,87.26396727947103,82.92129520388168,2.5432674763368532,78.23079721629288
"Student 1241",6.375505444750713,46.52105555581867,6.757773425072125,67.65808845811733,36.88278348927331,41.93524920195102,77.17662719938542
"Student 1242",88.53927627406794,60.64987320522987,1.7704983809569304,67.3914450773246,30.085210372711924,21.267339004550035,84.89799538757723
"Student 1243",40.316976995272945,48.448336993879835,87.63356903732134,94.44831285227023,73.38225261566639,72.94306613439173,18.279925932900802
"Student 1244",0.5046432757182637,81.42872992955951,73.39862330450876,96.67927966000853,3.742591070306049,36.484745730087184,33.72383140370103
"Student 1245",3.6535346385100094,35.92235099896935,43.571826725991144,87.53800049692575,90.15148543647824,35.37385197453214,46.70895673074129
"Student 1246",2.9824408005006386,76.44480579773692,63.51047362248112,51.951379439576954,78.0049705893039,45.44444521125949,6.264549568401054
"Student 1247",72.38699340769702,17.472204542135614,13.768261164448163,52.287336321360044,49.01930666958181,81.17492143874262,38.05467840588756
"Student 1248",75.77185389679106,5.276138490128339,99.90720035103831,38.01254113500253,50.51254645045924,85.51734649453948,67.52277224750969
"Student 1249",34.51061099979975,57.21704579022061,24.559752346061405,58.01848872724704,86.00349187592138,0.3979621732566993,26.73998575403583
"Student 1250",14.61510871484408,85.75132577732722,16.49406132745265,30.134956847709578,95.07226541618253,55.72972091657192,84.43863638455062
"Student 1251",73.60229831758073,53.038702061631284,52.28309541142608,37.4372298988574,19.01555453687677,91.2975219432764,47.25951618467735
"Student 1252",65.40454790132483,60.835605204701636,47.635610733321926,77.35447052429055,41.96568564840574,79.49333838888636,27.709798570005713
"Student 1253",45.090070946501676,52.84877554606931,10.50770105950565,65.06089105893548,99.14223804267996,46.244590965809365,58.57417667481565
"Student 1254",22.83573482232426,70.32368008943915,9.541766618484946,27.41005211325519,4.177995038838908,8.679033177768664,71.34138437064317
"Student 1255",54.58455023294818,39.04326471835563,55.26019110008229,26.648700899141936,47.23120216721177,75.87912644196791,82.48178749163033
"Student 1256",31.15054747744235,28.357767787601436,43.724351238579985,82.6919788353688,58.553873534401035,37.19691964996219,14.366342884165345
"Student 1257",5.915892587030075,9.7036262055556,47.33819943994523,32.73903153034514,85.98223542800822,48.228582798852706,23.159878581397866
"Student 1258",85.1014499029874,98.5508876474197,79.71623389322914,80.56781507678448,38.21459216975003,96.46068363535198,97.72258118766835
"Student 1259",43.52600476439308,25.65550167124362,55.43873359932281,73.58669308998248,97.18445376493614,30.05475490693143,86.93756433884168
"Student 1260",34.974393296830684,47.53040811211605,52.4496051301505,9.759235848797012,53.80586521379209,30.219586364679536,81.94595103535252
"Student 1261",9.994474841921933,5.44699049990596,37.24737113287422,91.26085237159137,24.163637074254098,26.282941937272486,25.78386539421856
"Student 1262",60.4861899256099,5.4538808035651165,79.75251957192107,15.412953907064411,68.42442961668144,33.944961262913374,71.66050595217071
"Student 1263",83.00161846312186,39.70984915762191,77.25579917932919,39.2906750371826,28.472056755497547,74.40333257880319,20.450103839411597
"Student 1264",10.675534435601847,44.749168560166794,80.91090752191482,6.2598469655956945,78.42601303151342,88.91755393618323,15.538582828717038
"Student 1265",92.24931372568894,57.19845057682428,59.60443291767269,6.7661376725690765,80.66144277428549,34.473880290974314,59.71294890743055
"Student 1266",64.88753088816298,71.62165868320542,84.45138772875205,24.99407102690742,99.34631914696554,52.939375237046725,4.837335478696405
"Student 1267",68.43211831504254,24.15338097614198,74.25846517783776,41.95755961363626,85.63958120558141,73.78988468962164,89.92473149238087
"Student 1268",65.69987520007561,98.2453785304151,88.87450468945693,2.372597868457804,67.76747207671944,55.56689174488824,79.04319503340844
"Student 1269",45.243198134487265,36.547462147919916,61.581794767186196,3.6674591465997968,91.84900637692068,79.17915239180306,94.1451369856502
"Student 1270",51.16719350054845,93.60042974774065,52.28071696902605,64.44938507879897,35.92651526188674,87.14521940703969,49.727563432950255
"Student 1271",15.787315716477703,78.74634656791221,30.719815978856314,1.396643292133956,14.193029328468922,68.53335844458695,89.43374622098635
"Student 1272",69.82017089256142,36.886833632362226,66.1138358492712,39.085401421982034,69.94591024714039,59.18810784955869,16.890052615028335
"Student 1273",40.22487507153592,94.54132827371639,84.23756760842811,4.241471270718554,9.762059666874524,17.267900692523614,38.69132590219665
"Student 1274",82.00212263320094,19.30765899450402,59.36583098906178,92.84853946750832,80.98038857021427,15.354512433136883,97.4965482140193
"Student 1275",71.93738319829349,40.92264930777211,21.98778764051021,85.73595085288933,63.099455658610104,63.74768376730585,85.39512851457141
"Student 1276",46.71450408834201,72.97755278651728,72.45878557118661,67.82017929481691,76.14119341225289,11.508183623327783,30.948709101881107
"Student 1277",77.87651933266476,1.2049940302050957,60.95773502163212,57.530874722709825,93.70597057476834,92.0289046588336,71.62001151219907
"Student 1278",70.73513593097975,92.25798155615968,82.08699819958834,7.568467554982074,70.99106509464201,16.290829127035682,60.12633274789072
"Student 1279",10.904743741781928,58.977038077502506,28.532791584748573,8.678919594768498,69.99231645424602,24.642127950133368,30.327906016422958
"Student 1280",99.70771760182035,41.98764353698433,32.9176845020445,13.969829952733084,45.57349271627177,39.464985868849574,29.85994918216323
"Student 1281",80.08819088491032,78.71830062368683,93.89182380309202,9.595256570017336,31.055553333471774,20.11170778349057,59.36515130741697
"Student 1282",58.54000832839558,71.75191852046757,27.298675473298502,51.0848898055412,44.34283543337402,62.1095019718246,84.31414048338296
"Student 1283",45.26575975643578,74.44241528195114,60.51092950801096,92.08382962658688,57.65820476175707,25.961218115749862,2.8673546646460752
"Student 1284",48.82489888328085,61.896285180489045,65.33263744971511,75.49495125859438,45.391571094806395,46.03564016450677,31.478402703908564
"Student 1285",7.2914537027695125,24.623104164006655,49.472283281990094,15.995808272868524,80.71263376688013,41.41156222556576,97.74438706083866
"Student 1286",82.66531948847859,98.44242892278379,64.63571480538712,57.07523225931722,76.17108975771426,45.62867797657202,53.57413240734527
"Student 1287",31.44128097214054,80.20691293505149,94.50722264426038,69.8843743932587,12.915267837602315,18.843412753596724,0.6555676346878712
"Student 1288",82.28608884179387,1.6221784525344458,38.36608426500691,1.0223966558341024,84.14920311889954,47.19663187912328,0.8113342214397313
"Student 1289",50.803824085199736,6.970960015412356,3.7440672855795505,55.23195912837877,63.05680688579633,93.68866999280525,36.3534549839419
"Student 1290",25.183351727352786,54.36267691533631,38.82108489383283,11.270842788210894,73.43824379300474,85.40767808602743,35.68929089984185
"Student 1291",65.66891686566876,73.28270377442342,96.29607035387413,55.47603481860671,59.084646003061806,21.407587692753495,34.38820813775883
"Student 1292",93.1957963630633,67.15007711936757,85.10521647701235,53.82846500122888,2.2870058399832645,43.37067180981402,84.67020879752518
"Student 1293",52.11306131964357,47.51256282043359,50.468729916120715,10.268550890172817,1.4061238976898027,59.19517441555923,51.646865644203956
"Student 1294",20.130341797616317,40.449774130480534,9.725007327442082,76.40407589105659,4.933029408316912,93.89003470084761,17.00148391823457
"Student 1295",38.17158544740359,53.27304039493714,36.60363379487304,77.482575648112,87.72413269118822,13.601300047906628,37.85611385626806
"Student 1296",51.823177023944275,98.02612669953855,44.2085213713055,70.65952697559707,17.877054777142618,37.94358315311344,71.07697728508236
"Student 1297",71.86065038204006,26.276079704412602,59.7702738027977,52.58004961265419,2.679659937747128,68.03293170439082,65.02938893605443
"Student 1298",33.73426694104053,58.824618243744176,96.03443894163458,49.96470714123116,93.16736479616166,55.83970851615988,28.183274839089833
"Student 1299",54.649047648857916,69.04011181739178,92.1632112345589,19.617999350378863,5.922971105060508,98.66453197361837,95.6439479562223
"Student 1300",98.66966180755335,67.97524887605499,44.49868877341634,93.95538006113743,82.6416895539712,38.80016460503023,53.243575854574146
"Student 1301",63.51729818752304,9.349843450869406,2.3494592360959166,95.30743269352726,9.694747588336625,96.03038885701545,87.9013474908454
"Student 1302",21.910996430266696,99.70468646324456,55.202378712991695,54.55838031464333,50.829536304730894,27.445689543966488,42.03127482201266
"Student 1303",14.702012527960594,58.035739509971876,76.68625136464465,69.27500248894255,55.671526975571176,62.821351213902574,58.049874432560486
"Student 1304",7.31870916056563,1.1907098089886567,46.923228355281694,62.98797715644076,67.12064686922844,4.710474336581958,76.02302179620224
"Student 1305",91.66702836003729,64.10629614268328,50.710737596320534,90.70365548774983,98.43243775931138,32.806940418189555,37.91293054153118
"Student 1306",98.0814610985468,1.035228292801435,3.728502079411445,82.46615206415292,52.0308551776926,58.10429115168806,68.77308696589807
"Student 1307",24.725649628035534,91.40644173443923,16.974939344859827,91.09861836924466,44.61430859861863,12.600498290140036,0.25517288790115855
"Student 1308",44.878490641833075,46.94784664334913,49.94386296052661,67.9490745442689,77.87515491354108,78.53949776087012,10.60494386169296
"Student 1309",97.22590082193662,24.58389339220912,75.69436189696448,38.08124932949174,53.67141924308994,48.4570192027967,10.27630211221147
"Student 1310",55.71820021457148,48.54022677574628,48.188867995974725,63.31268354187731,16.767493571383692,44.09613076166,80.93329834603738
"Student 1311",57.887261240073585,44.83083645884596,95.82671799690773,84.30414179883162,36.119983366591605,40.59482768848495,80.70473806203576
"Student 1312",11.698299815620913,11.83676683278154,4.094260502307899,65.84392362956177,11.748775820599786,84.49677838873055,25.698645240737477
"Student 1313",0.9047504062166818,0.09459272815395695,35.29530005503136,88.7184886703239,32.04607060648548,67.65769189033456,75.39952361601667
"Student 1314",61.70446079734806,18.65663622776684,82.94056092501543,18.798467256292327,56.7141551806153,69.258435798992,87.35622603954316
"Student 1315",2.5501579926044284,18.506472880486,97.1346213081101,90.69620727091059,7.222202909859682,4.653676319779628,88.18357113281071
"Student 1316",25.84979350091144,24.254024774094713,48.24234349127089,48.37886671074166,11.195389516598258,8.933949423870423,60.64175699259429
"Student 1317",26.68190174357522,69.64172837550467,26.70353087118401,91.49708512943941,12.252618749177056,79.7839633328293,22.61160404550719
"Student 1318",96.62089771710663,48.759724186319616,84.21952684425989,83.6777443081138,68.08397653665756,80.59647214933189,38.29882805157055
"Student 1319",33.50402362818905,9.330079775160751,74.62300679907648,70.55360034682505,16.646471947023315,49.31263227621185,81.84598537409137
"Student 1320",94.15618769774892,5.474802078226815,51.3637609580938,45.386579572084464,34.16556459282008,85.3132804021851,42.979747053236004
"Student 1321",2.3578489435313155,88.33914594841576,94.0844522941462,19.832871096397252,99.16947319588279,37.6283603417178,52.41732999185722
"Student 1322",62.78455865114496,10.051007962137222,15.247373301416465,60.50730892403422,14.156681679175689,21.222370412334037,98.55867535267522
"Student 1323",83.5279816000488,2.792564941988916,37.971825643881225,43.435613074314766,62.53956911157527,80.19370697558948,41.691348763708916
"Student 1324",85.93204344830076,81.69340866451027,86.20891529475013,4.243197024425404,19.091151240185443,92.3544110904844,11.064548595744405
"Student 1325",12.383477497328478,21.701117542681033,16.939259514441034,9.222149414399453,37.78408866722107,54.52432051536872,26.440271439728885
"Student 1326",46.97828827579225,37.44388438527464,77.81888315904384,51.29433476921908,80.1211017801947,72.82966913236486,73.93997259712624
"Student 1327",68.48389141818583,51.05697426797281,54.18697460572116,63.54743691942832,14.463711821023011,16.30376764972052,60.568098408396
"Student 1328",1.6605850818656838,65.43817118855064,39.41119127071742,65.78079839016422,0.5307609849479991,30.16710534725152,49.83031646109754
"Student 1329",45.54985368909189,16.2753412422873,37.24891802331655,61.64060576086444,1.8629296112769824,69.61904949210081,23.595489990933576
"Student 1330",88.84406516153936,12.230360141837881,6.5621088817659325,48.02173216789009,6.725257831778049,35.884193397585705,47.5218130400242
"Student 1331",87.65036873737492,6.536811704479442,32.12322998673598,37.700894531251585,9.828183880697841,13.552013164439607,52.94444931687971
"Student 1332",32.49739274607864,60.65063292280114,42.79322236025141,69.29948665666407,1.4849227248244987,10.241062881692399,1.2197555552417978
"Student 1333",39.825886015508246,99.50027853353856,80.71487569907411,29.910019246668362,3.8533287037670547,40.05791138080553,15.886059974250474
"Student 1334",78.08898988012712,46.57366347607257,48.70983586032075,76.63786066302657,22.332810770861908,86.84304302495725,22.81866362168616
"Student 1335",47.55303705632674,87.55536066070292,71.18132816495066,92.4436806465881,92.51941703966835,88.46420326688579,5.003243108644915
"Student 1336",23.542303195786126,63.72006503073738,92.25331800774174,88.92822785269843,22.05367316047359,14.399857876824813,1.1944643408209794
"Student 1337",30.476571599033704,61.756126887392796,21.833113359987603,47.47246664715954,10.149527616492774,51.37483107729326,27.369415404624014
"Student 1338",84.04169052247413,66.73323219028138,37.84095559913099,14.851396664566577,97.50175940968884,93.04900693701804,94.35857895762665
"Student 1339",43.72433698139477,49.597432422439155,84.95594165505945,23.78650906492031,93.22187180619615,39.508101657599006,65.19237532128867
"Student 1340",36.01728380327221,14.19563113529323,2.2744396762820687,79.18217818115465,48.9005319590748,98.50607824280951,78.56926837086155
"Student 1341",10.593898357321393,26.820652243934617,14.80121582789594,98.37376360256403,99.18336190956357,7.89322890603452,24.650625385428533
"Student 1342",91.4614495153434,78.43977993714131,10.600157637170026,22.119350114582208,84.54982200368578,50.58116084511127,17.180013545430505
"Student 1343",34.69771518942285,46.00758067201022,86.82850382564573,71.96749924015954,51.06337528271925,94.38859119253648,52.671335024860845
"Student 1344",47.435363043706424,53.74575129357162,73.97191185412687,34.1482768146207,87.8031744299604,83.6638565466892,35.41177123912417
"Student 1345",85.11918829184208,57.18535129085382,34.91229758482815,57.131929344288004,97.2931121963576,7.73990158889261,77.84133407693707
"Student 1346",62.82665726066914,1.027310126412353,76.96389810145412,66.78527293808413,58.94523059994253,72.28314883824973,79.3036734632601
"Student 1347",51.08750158989162,8.052494613734158,34.556689681283345,8.689068682193446,89.15756619248243,60.798799948418115,94.94889982668714
"Student 1348",46.0066810278239,6.777952639739817,38.8418016674419,34.2430407596759,12.12625859828541,95.7890768949135,74.4808711194756
"Student 1349",81.78805976453505,72.42046490942799,56.74675162262055,90.32882706379579,39.98416497731016,76.63017705158455,29.484188458950257
"Student 1350",76.94490581287991,28.780198632173974,40.53733653920658,56.72129546403415,34.30405778030809,71.56030292234026,54.14785803635941
"Student 1351",80.89844708746156,63.41267581184344,96.38143515258555,98.8460232358554,15.064867603645226,13.3814351729311,86.44051420247875
"Student 1352",36.98382589049076,76.16998831747159,61.436834039919844,22.00875678869163,38.65214702801537,45.71852271626024,6.260401986617742
"Student 1353",87.88068325134985,41.29216631407082,88.79353297660082,45.74297539866199,24.125436198609844,10.661106982537511,80.79287917251753
"Student 1354",53.04462955279222,78.70707970395378,11.73905020090988,72.23707025628752,37.20840096872344,13.997674052522141,69.45415234214384
"Student 1355",68.637156441099,48.902489120959416,93.0637172528736,39.56240181636865,32.922160846755446,75.84336181773841,92.76691996934197
"Student 1356",50.051890648681926,58.58847283350745,11.103928191594932,6.844725105189885,48.868305339231235,80.04185372265597,47.28451714662547
"Student 1357",35.39697748483145,24.197902438591374,65.65670631871541,35.01872473501595,90.71430189350679,21.903120342668466,12.825784929571984
"Student 1358",71.360979966426,21.369060265573097,18.74817337279723,63.63866436237691,95.24678443305034,17.73200204315201,83.92197812080853
"Student 1359",77.7355960069318,65.55372422562667,83.22152984191915,58.79538810973466,50.27820482777868,97.9819405969645,39.833921228088116
"Student 1360",26.015319239789175,92.4430084042472,70.37665003611949,65.31669283033511,15.647719060664777,19.80990335540499,95.66587332124242
"Student 1361",98.55326649610117,11.675944312430193,62.273321054125596,29.36359415766908,27.56661586672593,72.98535354731533,23.528513901992454
"Student 1362",27.552233925210544,12.477686107540963,86.38521536753804,45.49680919559467,96.7016958872849,68.72531699501032,90.76525600140674
"Student 1363",80.23234104738087,73.20033499969331,65.28220727901946,65.36900710500501,30.832480754602955,63.70582825603238,16.58933890272246
"Student 1364",92.6718271029079,32.04407028772961,96.61360741828456,67.53965803291439,77.14455240008355,0.09307730429310963,73.77893247864921
"Student 1365",69.97107405876471,52.9511217609288,84.39641267552885,5.220945348777828,40.786380740644354,68.2297798075565,51.06589797964749
"Student 1366",26.16458275930995,41.07546452352358,13.087374926919102,73.59158063474736,71.15947299789352,17.805586293596694,53.65150792222166
"Student 1367",53.13190551431799,73.30513759975989,87.13915734211469,60.4494316278398,74.72237504758931,23.43842594393067,48.73980219607284
"Student 1368",65.18070537360877,53.1696590225957,41.299996355465964,72.13328093062388,48.34846308808752,22.350001499522058,77.68365052797232
"Student 1369",25.67483773788265,76.99951996694885,2.069213885905759,14.30096719210075,0.15864563916043653,7.1982924339217655,32.52178271576208
"Student 1370",49.51048445995607,56.05359762070582,88.69403830604037,56.655140190239514,92.88020904850111,28.069707870221478,8.492909366630805
"Student 1371",9.208220168751174,82.86489902091458,35.04572900046918,70.64773623648884,77.70082501237957,24.58688098845881,51.703365335753574
"Student 1372",48.05101131138348,95.39012024985972,69.27369911120681,73.666098336544,86.37914716628963,25.99938303931871,8.470433317683959
"Student 1373",53.97686424282506,10.999181488706375,6.207985155865058,32.78687108630967,84.97370890180589,7.577322998485505,69.49036598521191
"Student 1374",13.792983854543897,63.73905426593992,88.31110318996163,80.9858127989487,40.506067720516455,14.540847398525472,12.347056978029402
"Student 1375",60.337100414884546,20.451628597566295,60.568354966880456,18.192344893462973,99.81254945098705,83.38453742980938,8.255593029131266
"Student 1376",26.194033887245748,5.78321122747375,68.12654744333878,68.25030865511889,4.340588911965126,79.45365284861322,12.677109737287084
"Student 1377",13.935203187347525,34.82121615059165,23.46691878044683,60.98005869484393,50.35938061330526,93.28026529257707,87.80500655243564
"Student 1378",82.19054422731078,70.84984767633175,46.84829980076237,67.99805102545623,35.3801895071713,93.38164951613108,11.601179367343706
"Student 1379",78.11745357282862,72.68606099642784,11.652098033337053,8.372891039361656,55.353500141023424,23.0462873329505,35.45491359279579
"Student 1380",71.33394409579536,51.10639371852776,91.42256700621078,69.77673201423251,40.725175008536254,47.62932672323687,17.135325519954748
"Student 1381",45.7806201221317,18.63689647531612,30.374851471001012,19.106589981665387,69.7830549486805,20.630444595057305,23.207841256206986
"Student 1382",31.49503062333276,18.73766707460039,55.46817687324281,87.20609992101845,63.36895613670167,9.889892066862332,26.166915934040752
"Student 1383",73.73516682076463,58.732529179727955,22.605574083008158,68.78824164277577,5.348025603371368,43.912940423711646,25.9990290216229
"Student 1384",15.946458986599794,88.52137365668982,78.0649253149182,56.18783768650706,92.04940724960053,34.62197184300667,63.2427616659215
"Student 1385",64.13431414510643,77.36700849604269,5.758329393689343,59.19153106927192,93.04966927425319,27.38603097810171,97.3447354739015
"Student 1386",51.99168740280198,23.166996839193025,0.8593039942349905,6.636116963927536,14.328546614306081,0.5672420258810824,78.47286619336454
"Student 1387",82.75582727193944,89.98458694108795,75.80281050937484,40.041689611395334,16.301728961010078,40.34487622501953,3.5200603465204003
"Student 1388",5.694141685680087,75.1721466519311,34.86884019957894,19.691911608387873,65.1456606400232,43.27254961606553,64.46062961711917
"Student 1389",94.55328595250162,62.44408647767457,18.96319392557895,9.574652268265302,31.27498383456926,42.524640557554335,57.27206632768736
"Student 1390",93.9149281201808,30.547393836110054,59.064042753067156,79.40682409802677,2.6869205433688226,32.566202172715805,49.51864732927429
"Student 1391",47.84411726026513,33.884799986119916,51.47397570403934,69.7809053413217,0.08672221729135235,48.95847891376386,22.841898746586804
"Student 1392",69.40157251901627,77.92223250513162,44.9512439465084,46.307066110575626,41.11475859230144,7.187044156274106,11.688171913842817
"Student 1393",75.0569118667585,63.284218958705885,94.65285171471835,11.404240434285086,10.203918783722987,53.08313521289691,12.092039263127557
"Student 1394",52.13574155672946,35.595848672993256,65.46554260026429,23.255892685387867,55.18290977685978,58.69837673035011,67.51671662596148
"Student 1395",11.579807414030208,9.274479620183197,24.187654243038153,87.6187734054543,24.96074559203103,40.85434669764822,79.86164230854105
"Student 1396",66.02830986691103,12.599007479888483,97.94794297163351,51.284097068064284,79.43750876014599,57.34305655237657,17.18010094348776
"Student 1397",33.29947250277083,78.9738695036481,4.053740617483369,68.81374446149401,97.67820567058824,49.57076597533208,66.73138628937129
"Student 1398",92.61535426707297,82.01690039538596,28.473269078680485,34.557538157576474,91.40674275327144,93.73369971610143,45.060058884500826
"Student 1399",91.89579527988965,38.358776713308615,43.2039702110349,38.568127053499914,94.48621555324593,49.12476146172791,71.84101903846478
"Student 1400",61.629789113154445,95.67792855291775,10.430165716340566,25.301333185491572,95.45724323852085,81.48874635845476,28.556965174981357
"Student 1401",96.0571341217039,69.44870244714079,59.66102579207346,74.41581574975379,86.56211257409655,46.906043271980316,57.05413708833994
"Student 1402",99.64840343813471,8.057388352505788,1.524683051752011,62.5100699537177,70.0433129326437,76.80729268567966,67.15996311318318
"Student 1403",17.181034982298296,52.73552405210934,99.89912363073714,47.94755307550379,88.84967888003395,12.734943503649696,73.55998082805289
"Student 1404",79.02358343653488,27.005906802714048,69.46295752518871,96.64332035729296,5.029903699715882,15.770291428983038,98.57719830475855
"Student 1405",75.9069626957471,36.600718281088376,5.578721630241158,93.90874816202547,79.84128488321228,42.18564199597205,49.80919884406878
"Student 1406",14.6470734005365,62.16138111037728,45.36687607609282,24.543553547100416,34.29827667049501,94.96809971924652,38.06186110832282
"Student 1407",5.257433648226306,57.795740768756744,58.958983817033705,9.218893301192463,67.90006782642816,18.5485496947566,1.7804690000473533
"Student 1408",83.45829026975181,81.98904429121245,83.50952416144054,8.331842411775197,59.217802354411845,76.48073848210248,53.01835753947114
"Student 1409",81.72674160830648,85.29690555082638,52.00919345668649,25.99739025798288,77.40199633782333,22.356471282825506,13.84013232274572
"Student 1410",52.10290671816065,29.394841914059665,71.42107515977291,55.55442476327958,52.73506637442434,78.75695561191914,95.8208987015452
"Student 1411",8.080298049392619,22.807626783006757,78.60334592906129,90.77256711747984,36.89964089378067,37.15451013604269,40.45064892990467
"Student 1412",18.092259755908437,2.6377791161114357,66.83990428900388,49.99009733442588,31.83455216097597,17.769625395397473,30.111928777714585
"Student 1413",71.72817524868523,12.84481008552166,53.81233351719493,73.49819385654045,11.880930039996958,68.9989433611078,47.6171910063478
"Student 1414",95.89014676355423,44.25259260550246,0.522577478346889,66.2551575635972,21.05807587493167,32.51601270368288,88.23939685935001
"Student 1415",18.25689335724475,91.33193747414302,95.04359338267071,65.23257018303622,13.28442559575021,62.525898093888244,64.28419376043652
"Student 1416",53.722538592641186,7.856995470354821,34.22045627810309,76.6763713742212,77.55880401378694,31.446444728138406,29.85961066274542
"Student 1417",16.07041843899961,23.454718660258617,78.79108352807827,18.68206173515451,96.23542389420795,6.585481573304776,39.35455597768953
"Student 1418",66.39175102731258,58.39392621282688,42.69177682451432,59.189555870968924,16.70591606374967,5.69018298097603,82.52893040578225
"Student 1419",85.80984107535656,6.143958991163089,40.06086537004533,55.12999530096062,49.26745385722559,34.36798602520062,78.63696622549162
"Student 1420",79.77684096451644,96.29691292287013,65.0838063512942,7.3546005964700605,72.15531944076248,2.704135504533975,1.1149492230523501
"Student 1421",67.23876902979079,3.304675113567373,24.56205749336101,83.51612870938652,89.61885378108632,36.07492084905469,92.28531735952087
"Student 1422",3.7271326860641913,55.3282683361568,29.464229751740845,49.76226314738825,50.34274527322109,37.90573709331733,76.44167588001403
"Student 1423",19.603033382896516,81.42346904796946,56.68358908426521,15.734963382895359,2.779080967331974,5.857491631530616,33.73329198342056
"Student 1424",45.60899341288482,91.68902564092217,79.75688357699784,35.67027185851075,28.5796360677194,69.57552961127682,5.549435365780683
"Student 1425",67.71605801385874,60.749202370878706,39.83374052682977,48.478825139126585,15.088507099951329,19.443927206782842,77.33892420879896
"Student 1426",69.16529046436668,47.486286705623066,28.36273526131366,22.175717351908432,53.154680401952625,98.49701906361463,98.38362075531163
"Student 1427",98.73247295911095,65.13189988736407,86.58839893480149,91.06395584586224,38.82983753496019,70.76385846876877,55.43774696570687
"Student 1428",75.04353903336408,61.25586183317009,11.481830991431663,90.4147354171019,86.98625416727579,29.937191367968357,56.231227232081196
"Student 1429",69.65799934520147,35.69754607677695,90.44825476446465,93.27472383107688,36.14901921280601,84.8891128749837,14.559075169220517
"Student 1430",13.175986410071584,84.47831478791889,27.76232472859797,84.2060657634891,57.85763762338573,62.51455176440602,88.93826248549883
"Student 1431",56.04924303359812,21.908161369292653,33.52569218650804,6.395936023267806,25.00903891836648,26.42647047513248,19.251968356321107
"Student 1432",89.86213525294747,59.755402075614775,96.27199389506967,59.929812952594894,18.083600967384424,9.605566372413112,18.782273891120155
"Student 1433",21.027806982683302,62.96225287434959,67.05822785559707,81.4522130250931,9.038029529647222,67.70537135130704,36.854076433510905
"Student 1434",74.56177826907052,47.6043933093054,8.574536459455869,79.80957708209186,30.914331512969014,68.20311517784786,89.88239630952917
"Student 1435",53.74923741590349,77.59629341765158,48.10502275380982,3.300850799794979,68.1618479042832,50.802463615184564,61.45341825557998
"Student 1436",77.86166298882272,30.269650052628933,16.254749863193197,45.89977534351473,75.59676352659625,81.49981418773207,69.07721697387362
"Student 1437",45.30717561051852,36.12670607540656,40.82440079513821,4.297353823999646,8.06844205772846,57.94820988149806,96.3324877350004
"Student 1438",72.30243192103458,47.74620059541812,94.52759229884956,13.557743117032524,13.367154435600215,99.81822188468564,23.762751989047526
"Student 1439",12.283003612184551,94.78795353700978,84.11317674388745,27.283606482518586,88.44362338342181,24.684976246478584,25.95847702071566
"Student 1440",56.91847441091168,45.476719115865244,76.62499311316546,74.26384516139547,36.00068935649271,86.5830562159134,68.3578364846629
"Student 1441",87.87448938827748,38.79798030503975,27.718853105379303,95.70263352962388,83.24176229119652,33.89439266286776,55.514741540984666
"Student 1442",99.85082875065274,93.77744891194114,38.44351802613824,12.253876745455848,26.13000362196859,82.26082820045583,43.901223099744676
"Student 1443",67.79441857908779,95.4965505396505,18.121145180131624,57.95268858494125,87.15881149449666,18.235960955736974,67.17748894485769
"Student 1444",39.988316866963785,60.03382500432109,70.26516773281331,60.60098342068693,10.543188474250776,78.7441394321448,52.06304061106851
"Student 1445",63.584823797833344,9.48163183283415,41.6569963599503,87.84594185873775,51.90739015834623,15.398458814340078,15.764575297342583
"Student 1446",19.7361876013386,10.210450071756217,58.61628333889399,68.75825545905846,70.67652657983542,22.695974284935026,34.162322710609416
"Student 1447",67.19199462419402,25.19494193118205,41.854829945012966,67.00421116045501,48.90791980835894,64.85851468567998,3.048344453406189
"Student 1448",48.89818936750891,25.706134718066053,22.443744768583436,75.89567719074613,78.53374963943415,69.53948528620683,32.37135268369808
"Student 1449",4.980938245365065,73.32423804368747,81.25155834912128,33.57068870435075,91.58307765573042,74.94573807988371,58.95035461781056
"Student 1450",81.61054652010053,29.42480566840168,66.39955403395543,73.21723648679445,16.634250287673307,19.08000134325493,72.51527290620061
"Student 1451",99.37803021503166,96.70780496792865,95.41404119142209,90.63616363701527,29.817599110688054,55.982110484757406,8.48884483072447
"Student 1452",36.149291152735984,22.739300499349042,55.68247480900131,86.7265652224593,99.5436550370995,45.21742883038743,10.882279137909704
"Student 1453",13.317467723494461,13.112251213039194,17.048922258358353,80.47439176021967,14.679200988134314,33.66028541733249,54.90487971400134
"Student 1454",41.389788568365475,90.02308182914305,82.49306311714501,19.824853084576468,20.685202727048228,98.32993907332936,7.944236260924755
"Student 1455",79.09823055418063,59.07122587237097,11.71835973973152,68.14949248670187,84.09962704447005,10.63039354311159,25.39635252185079
"Student 1456",18.95486364104052,44.072845050963146,49.74590399059585,59.03570324096429,8.359185185889126,90.50906889703957,1.491971588244959
"Student 1457",62.14563685988708,18.753470942743338,88.35405409220486,50.574407261708885,12.338586797762424,42.57054742007336,11.249445431052948
"Student 1458",87.98242419145896,93.74173725877027,42.70692973434107,1.3263912760191672,51.647839872039626,60.30753878885143,66.0633476925779
"Student 1459",12.526078798879395,86.83078943003669,42.85916737637423,63.98897439494602,74.22825379819264,17.459044823760593,24.423811756261564
"Student 1460",87.46241496668743,62.36225073070604,58.798240770100584,4.906479180705395,11.747064984950741,2.6714982656054556,17.59726789028107
"Student 1461",51.786088380172714,25.371229059389016,22.85018735890007,72.85534260693687,63.74461055399324,10.543661014578408,37.710659874327554
"Student 1462",73.30967311434833,56.872926296933116,32.97602494379629,23.832834186472112,20.095735722021452,76.25331315510586,41.99578659364924
"Student 1463",99.54559444267369,93.25266950573838,52.99688102095735,24.64477509539183,55.717683823536476,62.682179109726846,41.03081118830254
"Student 1464",14.745725208176735,74.89037864307029,58.47312216683904,6.70710567567331,61.849901924911876,10.076715645083139,80.23701296507357
"Student 1465",47.897587768039955,73.29663985918914,55.03193886492821,31.92707726943718,88.35548106111567,28.350049103232532,78.70592285049487
"Student 1466",64.53349080323157,39.778501596160964,24.845639986307596,81.4421266097987,13.111753732830177,48.48134633748725,79.76843441153079
"Student 1467",94.38946273037634,70.76284631916248,43.545541055485536,45.10550595647822,19.331667261813003,10.796517943355045,55.266905518723206
"Student 1468",94.18981867652944,46.645064856772564,33.35728856244622,85.11857312163731,6.334626647338226,0.9016166204329598,40.87389997322005
"Student 1469",61.87669806019414,44.84624237233565,72.55458787884788,69.98197552172563,78.86355494306493,73.901517097453,68.86945286700468
"Student 1470",30.855524650767396,14.717408802898627,58.90560274855766,92.1334077804103,55.39084196686579,21.648677011069058,14.461970232675483
"Student 1471",80.84629789725078,59.39603087255847,60.808067738574564,37.284400292293704,80.93384189723557,34.88996905954596,12.576906912015387
"Student 1472",56.21797484698974,31.188089557401273,66.37578210782407,29.533808324995654,81.51317624468251,22.56908968619543,15.42365073887561
"Student 1473",29.15018838339157,90.17025107713533,76.08989809648682,6.585936365447173,67.01194895053122,64.65637409669138,21.551864592244925
"Student 1474",35.75576152904688,67.33911636439471,98.02609615062259,46.11533912023877,58.406890743155785,7.509500863870537,35.027117578855545
"Student 1475",8.903355404119825,0.22451710317807563,58.159579464717524,65.3729917968181,75.70992323950973,69.89989601811759,33.44122755200172
"Student 1476",60.2836782446289,49.13796557857485,0.7538020539430883,23.258140133687164,38.193420509682696,61.85780086644931,98.2205350033891
"Student 1477",69.31770598284487,42.98011171229049,31.598071798325545,26.825560169682483,94.1194274157558,2.076900378177641,95.08701016883181
"Student 1478",52.46088921498024,98.86579745871786,48.39116042130935,15.883432465960507,48.525669029933574,37.91218249090895,57.787689792178895
"Student 1479",9.68581314605675,10.902958695730108,11.383054503667783,49.12048020730834,4.0635576108120315,79.57633238648297,80.68696658676535
"Student 1480",78.38760497804402,23.287136038404206,89.79248776213431,65.49744474793712,94.6033257301122,60.55043897344584,77.46276991233769
"Student 1481",22.13518299289526,31.702517003708675,2.355399800903791,89.08662109998038,8.266323533287757,84.70163490976364,58.263144006095104
"Student 1482",16.861060941693047,49.902594134511105,87.40137586977036,56.48091585963475,77.32640964403512,35.33181724404239,62.102810991308374
"Student 1483",37.558264299538344,45.747728935679824,31.364777867500283,68.29378205865008,32.89637174284456,95.11131935575419,41.842185387845014
"Student 1484",67.17902902869687,41.2683767331495,57.88479550290915,3.371716462004732,77.88085519532726,60.80132814747108,13.270074036043505
"Student 1485",11.437316739590212,19.383824033931308,43.07578539438286,1.1222197198275188,10.251398717078661,11.565466375177332,13.552401966650585
"Student 1486",91.311204937909,59.24346048334643,50.03547905672268,34.969491505223424,86.17231607197196,57.82809849275022,71.53575515997565
"Student 1487",20.717041687880258,70.10759992460596,35.87156156988646,84.97178796486013,92.84948106526822,42.196567471568656,40.91081966516265
"Student 1488",80.48841058033902,58.343438554115714,72.89840400885187,96.72797680175026,29.174279748278366,26.308778952345836,74.36922236508363
"Student 1489",62.712978483962175,93.54019509863808,48.865450905744424,6.054551100541904,70.61333136537897,36.779308777101704,45.6145740382024
"Student 1490",72.5691667363144,97.40202847362141,39.11809647296708,0.08795867135997049,1.0464117541243323,7.695681307459785,28.37096104307106
"Student 1491",39.53230042048819,98.95496370146793,36.53119528564097,58.82744645094047,65.37158716762177,23.910972310467677,93.01907860781706
"Student 1492",85.51159450220844,99.28570550945325,24.43014261930814,60.276750299214335,71.97169455688065,44.224789514183804,59.30469912234523
"Student 1493",51.85464505547834,42.841944180717455,50.2563300780825,47.89437598089042,11.816545907569726,23.965719700612443,85.33463619170028
"Student 1494",48.82016975166992,78.60492802800316,22.24817914732215,41.805381749173144,35.79789947339734,93.85261121201732,14.122905113322807
"Student 1495",3.3621034895813766,35.53850053339586,61.58790728830416,2.9428822274181865,70.54457960412826,0.9375637338979455,33.713502582392465
"Student 1496",41.842266868619255,94.46192893202216,69.24857039779059,78.82527658409309,10.574803814848996,38.36356697730705,64.19846123220655
"Student 1497",97.26648035709381,93.44695198962742,14.894793130418323,79.86762381476005,73.57024808615459,21.55032050635657,38.72861073530707
"Student 1498",36.13397498160617,28.30952507450664,78.14690448021973,76.81613617560987,48.15297891421469,6.8136976699060785,79.81024698087302
"Student 1499",77.2170632188544,2.65677847040144,78.61164585989235,80.03871922315645,11.483668567444004,78.9680414051986,66.2248166549451
"Student 1500",31.312453561771747,70.68194371646511,54.46622516673744,85.60877933880798,23.966016190170873,82.65295290761293,16.42202857049086
"Student 1501",45.94608723352977,62.369483995934715,26.679477687949642,23.25351409952913,91.58422873062095,85.42740980060614,14.391938167985819
"Student 1502",68.59475908704708,55.281048329864525,41.50754991523656,57.89945540509749,89.49923649951496,88.62744998763588,80.63254931346412
"Student 1503",32.38066293924826,67.0512021151911,30.93256121451427,62.492997891838286,97.57909106057049,13.573490866442597,25.46083985284035
"Student 1504",42.40275339806184,95.49801550560989,58.96265359884407,41.642117138338584,24.522971839448225,1.7162105409018722,39.966648845318716
"Student 1505",84.20732932434325,7.816345953373098,40.73491978046153,59.134202724249285,97.08997729186362,55.94698139321213,47.9945368142226
"Student 1506",14.34208783205701,4.302197957269118,21.62744128372675,11.047161264018907,87.51167172977894,37.42612063629999,62.839873784263
"Student 1507",15.697072348785538,56.56630622984724,13.394967683928213,59.721231763480375,48.71937473157585,64.30738963437508,87.72706802783823
"Student 1508",39.212634152953605,69.43031747967056,48.09239963476992,60.40535255260253,42.28440552933279,31.15571616687291,17.936097353005053
"Student 1509",71.22701338423238,28.01097148997529,53.17590593107631,32.606845300755964,75.65495458215553,91.18509528049715,52.52870997143202
"Student 1510",19.03681902341791,32.92344064779654,40.18654997661507,66.11113996111769,55.54962920932256,13.790772818060193,19.314150546943736
"Student 1511",49.63345461437783,21.512566318619566,0.43523316386609306,16.509917376943548,67.11114308408789,92.91223259896634,67.00941994375064
"Student 1512",14.340569518229252,51.26587470370679,99.0807347854341,68.66162266550766,45.913530316811254,22.806531390307242,12.531234847558684
"Student 1513",66.11483546249636,28.707359335696918,22.420144608890254,51.117090099931005,93.25465297214505,0.8523379543101556,28.642750677443296
"Student 1514",30.906423966386203,99.61749125038658,18.539653546410822,23.096463282330596,30.082677943139625,70.3160352535905,25.11666728572753
"Student 1515",92.12928845533902,42.9225990203674,97.32879572223943,39.651083838526176,57.26084145626618,54.33700287039549,59.24475428130289
"Student 1516",64.54068480138203,37.42136103655157,91.02756281916061,6.977493072093055,27.967018870117517,3.6609594315843514,19.01207583749653
"Student 1517",56.03863571044708,48.254660268089964,27.3925161350225,62.708154044954355,72.22786376969574,72.83847209788357,40.255070255694164
"Student 1518",27.277228945796615,62.75360073245376,85.75934709626948,65.75801716214131,59.14119938317265,88.14378787204815,38.82536476647128
"Student 1519",94.97352629936258,61.315490951815164,41.1294659800284,98.96456103807179,98.41063282597018,50.70845122728619,53.87562002664262
"Student 1520",34.70657484714706,6.563250541461102,34.610821623232276,95.26100316946963,33.0226574764689,21.000267514120463,22.11592662493902
"Student 1521",23.67940192135914,86.99554856967377,77.87763354308697,2.7735406637049276,10.478156948604468,82.27470236052814,11.180416097969447
"Student 1522",85.2834694253695,94.19151253747184,84.17065419848927,99.5487099311556,67.51009248092672,6.741817966318467,0.17747153706885868
"Student 1523",5.445886470890072,6.218728345114585,13.10226896505958,19.695303139671275,82.23355133176504,43.02017164525896,39.018209738448405
"Student 1524",32.33875605705621,74.78684071420865,77.3413295817011,5.197356990467029,78.29076348681605,90.90419126415557,96.36382767097983
"Student 1525",75.88275864138781,62.08545768669998,49.53407440891047,25.237209797537965,89.78999807265299,69.83566865397918,47.50968985349347
"Student 1526",4.923850559836647,94.3900656458764,76.79494172054522,32.829112603853325,92.46166416813887,2.1469149782250874,5.752588251673261
"Student 1527",33.05173303115146,95.07237076425389,93.00830869665918,80.65391765292519,51.589173778788634,16.569825250334212,92.52562380094894
"Student 1528",9.38897526457774,60.6401232998176,34.61788218970263,56.79453405800685,24.877658903785292,54.04851030951453,17.11438367974167
"Student 1529",72.552021730326,8.165252247638122,32.000627350743336,68.92599690564924,60.3407226004005,75.92443399481145,53.799466603774626
"Student 1530",37.53544672176568,85.84754949804582,73.34606605014102,4.368237191499653,69.37416490707162,46.14406666872899,22.000837783038833
"Student 1531",67.03330301404374,99.39617490142115,28.461401209161536,17.889975578463922,85.64989482938212,91.75659113474543,20.249733544963604
"Student 1532",19.12499327094182,40.54310024452988,18.359781601686166,20.21004085295711,77.74601019667213,78.74096772174215,73.96982528084514
"Student 1533",15.130012550051738,8.316751476952437,12.522245340728075,23.52555018745962,68.70761130912042,22.30060717451022,94.66592133638753
"Student 1534",13.793941387686882,60.26860315064817,86.47360508950199,93.01804136502533,96.40950145719354,71.1915339513843,6.039941731350602
"Student 1535",14.075959120530012,2.8680938886819023,6.065584128466478,49.62166312432203,15.526870668096937,97.86236341906486,40.0724049613126
"Student 1536",5.2031709228640315,26.52772434953718,17.704959444932538,13.615613424696743,76.26698214654924,88.11053943283297,10.676726866031734
"Student 1537",31.0009188800351,65.58133170326441,76.80316380883662,18.356988806386664,77.92734261213961,5.259610719322468,28.460674811000274
"Student 1538",48.73284199406417,67.93001567207114,49.980006006496986,2.871175596036093,44.53811472886408,10.096361415402503,56.776057048250514
"Student 1539",47.24871272422722,92.34110610858632,24.111306701875257,55.41901018710814,42.95107899362519,97.79795286086195,76.35023076525765
"Student 1540",75.41804198300234,96.73937054682449,18.19033115599092,14.3366160010472,75.92680735414564,85.78445494978415,84.4666475527299
"Student 1541",32.28582721081867,17.59829789989749,87.81887849589242,58.36991125413523,52.44492165055872,45.12776033423998,40.29185090876268
"Student 1542",60.30624887039943,81.5615433489629,72.8323301910541,35.52024450414654,49.816005932028844,8.935684686081412,5.408031939876133
"Student 1543",28.023039654353564,71.27466835179433,62.113362543056624,53.472241299525045,43.225514857132644,17.214829815948153,42.33804843224011
"Student 1544",12.36996644829047,47.280051600567106,0.792546822321697,19.47300693388792,97.96087576352342,52.98344167241895,16.368820654130694
"Student 1545",58.90311198238912,30.96688690812494,2.5594240228860645,27.474295061263827,66.43745185126147,24.34908936189191,23.568472150011935
"Student 1546",10.091169450833648,4.3832089617711665,52.89686209299759,51.18402492455923,41.35319644176077,45.19720589939729,10.570470910506456
"Student 1547",56.43652206950702,21.138954258658856,74.56874709935649,77.16635548143923,59.714606469950425,49.15656209603399,5.2776957513684835
"Student 1548",94.91361515796558,34.602293452890315,78.35395858769458,69.44280771551517,82.69645294151164,11.01731723515907,41.1351202786447
"Student 1549",45.17247412658745,74.4467245985855,17.245065539480304,2.5754787750160664,81.65094238567508,69.3401220315748,37.55620571703185
"Student 1550",8.575615826134769,36.53878583331491,52.64901127421309,27.61664378206686,58.11935020652417,93.9006800086986,63.92244836712714
"Student 1551",42.28523393900663,55.04136315540759,1.551217374777837,40.21723541490412,76.82532176373509,55.58916826523518,51.90187976142546
"Student 1552",37.798071703943734,85.19230928644937,6.35574474094081,81.63383481813501,70.56565110335119,79.37016225296392,50.457872865596265
"Student 1553",23.67266142867113,73.8338699517491,96.68757922380694,59.18790835039906,75.86112211114686,93.92681002740491,44.1978660457957
"Student 1554",35.93342456140818,27.452913332568112,36.050926697527395,49.13221513856235,17.33099599111844,14.574386128990444,24.54709685442822
"Student 1555",28.64172847450287,11.699565622108466,75.62550955970703,29.024677465500947,0.6416382914892241,95.50724828936868,7.458250051869676
"Student 1556",22.79237288666348,14.718348409861093,84.48600061287975,86.30781258034467,40.69060792901272,0.7630693556611312,28.7970762465464
"Student 1557",97.9462027828965,11.200210450003851,62.04911862059075,98.24620710832133,15.667213789217344,46.11679905343331,90.71467805660514
"Student 1558",23.298686380631324,81.2992896556406,77.19377675998415,69.18520441073784,32.56795340553717,84.81675083303274,95.1187502898197
"Student 1559",41.11213122915242,63.718165594769296,77.63910528016399,77.40455667499917,79.11493138856099,27.69277318754961,97.81154927063375
"Student 1560",15.866303521738065,30.571030788513493,48.134375726876215,68.19036551503989,50.278835255641,2.106849873207614,69.31344930098014
"Student 1561",92.85808297945228,36.68781568567382,88.59797239091469,44.26521482825392,86.7415525523362,47.280429242743544,12.107067127567854
"Student 1562",87.67429422732846,16.472542052655015,34.24070435358397,57.42691377029854,32.694092148132285,31.069907383054566,31.15216678642558
"Student 1563",46.97464144843638,98.28315377065195,35.29281534655869,34.57418153337669,69.62696450258133,76.458258758258,91.64313257448262
"Student 1564",89.78672199092588,35.48631635864524,6.638786238132171,91.00534236934388,63.06220871535068,12.304317909961672,14.153535291052592
"Student 1565",27.57576389523993,73.15123827564274,72.08135330932723,8.961435968958789,95.32077107244726,46.11232376983905,76.06292109289475
"Student 1566",15.44554204561645,67.35536826930405,63.01874988001924,89.00851113184854,34.14029938828083,36.94085631465304,9.327679572744067
"Student 1567",93.69226870347359,22.457723115151186,62.00605138842591,65.93967630258139,76.11607008208397,42.72650288331176,33.86394721484032
"Student 1568",20.03962763326433,1.2929989110230344,18.207477403261688,75.90114402972576,5.179477291658672,35.4244830591528,5.8297457271475475
"Student 1569",58.71146630275766,31.69443796130804,87.42819930186347,31.665287031122848,70.79879863281585,48.452169286570786,26.640971839717846
"Student 1570",5.084298676418845,31.449533037527562,88.04784450471703,7.341979123119392,20.113526395746092,15.832269761451073,31.78792650531274
"Student 1571",67.39768026974133,91.25555274230713,41.160823956728706,58.01737168562079,63.43599602747072,99.43246402087166,53.6182945203062
"Student 1572",68.23014644225496,79.16165651888215,48.19057046934651,66.43365210833619,70.05629320144895,31.941181439459644,21.064719883957743
"Student 1573",41.636529286725334,77.86798013244088,90.46732861512432,53.33559089164138,46.52588616994295,66.80679957515501,38.83164742175782
"Student 1574",20.863606961654476,4.083547200381516,0.27254408880963404,72.2157316163999,9.521436431292791,30.568603250201328,36.66547248874553
"Student 1575",31.60517044910838,12.389490583155476,67.20740114809844,66.34723363406067,6.0231846091393155,64.50885156178381,62.19139145806306
"Student 1576",97.72925782341326,42.159572480697754,5.128625024859996,68.40290452547585,44.02276336691149,11.098073822782856,13.98042264308111
"Student 1577",81.69371393026653,80.47872454307092,76.90522799348717,61.17941168382847,77.34083453805752,55.20324942909944,0.09676367118858632
"Student 1578",70.24919353227254,32.731548500424225,69.48143901835348,25.248643656385394,35.59820647513007,66.80627331119294,96.28755069198421
"Student 1579",33.31480348898914,79.56320226738998,74.5108031079217,69.15846823197779,52.52733521139336,24.593833757321715,33.369592253061654
"Student 1580",14.944562273457429,27.769179713107604,6.165035401955876,69.33939744687598,76.69953448919607,49.282623125896286,23.5514991863024
"Student 1581",35.332635350324935,31.02276391193882,60.36785554028652,9.804818563311889,49.14999555061612,58.92704172692406,58.52696544449215
"Student 1582",39.53586710269906,50.09596535167032,10.537351455951555,14.760574581199615,32.865315833676604,69.974653247432,88.22190128121031
"Student 1583",80.3593098937614,42.4777377038665,96.06300216475961,80.6481004267055,82.79595240503947,67.56675833521268,67.944084000217
"Student 1584",47.919913439808454,65.68355418307478,45.3295264396541,52.373684437472015,43.45549772330129,92.52326556885768,36.666119299944306
"Student 1585",57.89053366328801,70.62723786433229,58.01081946111226,2.123828310928448,56.603338255983715,6.488357205909144,59.14750513268194
"Student 1586",11.040511414857987,46.751936266312114,22.91343875608098,85.59571366812153,27.426878438795697,58.87695825082865,28.072868541117014
"Student 1587",54.6784677862226,14.936205724045479,92.92734976383194,2.119677768622299,87.42832783730559,43.580002124101654,88.79043213095133
"Student 1588",11.125765140577734,73.044694475519,96.31640312259631,22.02687938606025,21.78860595498092,59.50095757068947,62.086397656112894
"Student 1589",59.336173444033705,49.23581026489907,16.49290794729976,92.31623439215865,57.15214168909672,78.57523004016682,41.38393508843539
"Student 1590",70.03610290421578,95.71054337317746,87.68105843966917,84.73125219828181,25.229469583404544,82.64166717780913,18.06328678373011
"Student 1591",14.80136944347755,6.648106342581947,56.04445641662842,89.98577168356232,93.32350206891931,61.370980838641664,11.455762146508933
"Student 1592",54.8854946900041,84.98237025813833,2.755487545206135,54.06257383033124,61.34432482479456,37.24114662252838,91.18908518424195
"Student 1593",58.4829300518556,38.275111187273275,16.785168769717643,97.54309469001254,44.59802879019612,22.89029050476104,64.1906273502636
"Student 1594",0.37700412733083155,83.34827901039792,71.46259420198626,81.50656153461094,48.67846360723913,6.058662822606875,44.70472688114884
"Student 1595",87.37097466951376,86.52979083626411,83.27418251698985,76.18722863856631,77.81449678068,75.77799554890532,31.76978502599777
"Student 1596",56.78266606267187,72.04005013699756,17.94981452639601,47.83765268960028,80.97067247785039,64.52705324155733,86.90779071894751
"Student 1597",20.85035916124991,55.73916861867602,42.44711013887572,92.1195475955995,71.07148297761852,50.788462764797615,70.93065110896156
"Student 1598",3.5248950739014075,1.361250314245704,88.43648243829007,75.29750596642178,95.35433968948543,8.359086851908016,38.859350931403824
"Student 1599",94.64647159381451,87.70874016654473,63.207357998064104,16.153375447493698,71.38181339127149,44.37016197390394,90.72962477503636
"Student 1600",19.273116348216217,63.799960769611985,26.24322706351648,56.65331600650894,74.0762949132119,56.11036384175914,81.3364255569953
"Student 1601",85.67167932195974,54.53852207800427,24.406251217533477,69.20450870442005,34.15400400092672,25.25311038909467,21.278109831319753
"Student 1602",35.83971210468258,26.99118435038177,21.201573808625522,73.46911307373061,42.74911703302735,6.172194072651831,54.39239759323026
"Student 1603",66.9444057873839,22.65603676638462,93.7576722079467,80.77158833246993,9.04867751067771,94.33836222130874,87.44727377737314
"Student 1604",88.54872021767201,76.72645363913915,69.88868191105786,57.56096384250935,61.097056001478364,63.032051912854314,30.76930573291536
"Student 1605",37.141157393756345,47.79800261884309,6.997462301403462,84.0194756584416,91.1274524350264,66.11317108755928,4.610256619048469
"Student 1606",38.86367405747671,93.57822015882813,57.10797312832393,8.96233472690135,47.84918240538566,65.27477467876639,5.563290178243728
"Student 1607",7.092319159869522,20.189644380244022,68.8455299248392,15.432197569937223,46.54927996832767,18.589564557091645,61.25991586983531
"Student 1608",23.72708601940212,27.209843628718712,81.16481851181472,63.42572994813969,52.308944550393235,77.23443207146322,57.48195693917749
"Student 1609",58.21207898480989,87.31057942377267,96.97102882771851,59.03640439397695,77.91860378494795,72.30220653940816,83.39611347774819
"Student 1610",89.34512620981843,50.871560916521275,83.45328248535165,80.9480164552663,48.17194616673483,16.953015913706167,82.67713888456174
"Student 1611",75.86724189110518,56.35751326615067,59.64094451124282,65.95213045186192,20.328500762690627,18.68161726860777,61.35756220745835
"Student 1612",59.63186731737914,33.603587822602904,12.572908847094377,70.1662447059728,16.675840465357304,46.52379742360648,67.59676058332272
"Student 1613",45.972158951391236,31.849284231619002,20.06551344826542,35.32464114355985,65.78650463302867,66.17758716255541,88.98076715535356
"Student 1614",19.457276272025883,63.995356890562505,43.8267147930885,27.670722470128833,8.402741780278102,14.828483682376309,82.47146600545136
"Student 1615",29.99862861765103,63.0304524657326,49.5509914996146,26.919153549089685,20.47324176358963,67.8531553887978,11.5129330837782
"Student 1616",72.86552185803212,44.50189728463527,4.125910669480631,88.44111026707532,25.407594016491082,15.223651982551925,5.652835640185995
"Student 1617",96.41313692186031,25.44958438983945,42.86886027327373,47.28561437449033,22.63988691543625,64.61658855730965,20.1745387311939
"Student 1618",58.34605373436632,46.76599703632826,82.2284769129655,1.7939022129211792,17.80610481106386,0.37102001073514085,17.05611808658482
"Student 1619",25.868850571589334,21.278584430247076,43.30444748651984,55.99468866535714,71.774724422996,39.418949534151416,96.4753909083161
"Student 1620",62.178297451525566,39.45557543319105,24.52009014974733,71.96158147787912,87.34979480730331,26.528339047139752,21.29980217593655
"Student 1621",18.06072606996645,14.53459893375465,6.151498456220509,97.34083835216786,91.48809391598056,91.4795564003351,26.9504345700879
"Student 1622",23.803155913081557,70.85532760930995,56.914573064303454,16.487294008218722,89.67332608698241,44.52392188151653,18.144599697636696
"Student 1623",24.915862769147978,24.97139789189466,84.21187987983416,93.04585029851938,79.60697636039883,38.57998599780923,53.54912428055222
"Student 1624",57.82146110457439,66.98306697614471,41.63130234923277,60.07131404506454,16.469088434570438,69.71995844768647,7.382498066571806
"Student 1625",13.425964146584851,17.513980566770737,16.957174782813425,21.257747656647975,37.75392157564288,81.16017508801431,46.048551386066386
"Student 1626",88.34536671466685,72.20710520689224,11.024046664549015,39.57278760848843,22.727884636647598,82.7182120031584,47.93989808919744
"Student 1627",46.51795028827901,5.44666224724859,39.68788887427693,37.7605144101835,42.317908185510895,45.10481312209501,66.00935355967098
"Student 1628",68.79566663793538,6.822605385895677,84.31198497430725,65.20970034338373,98.34387548024448,10.468098413720243,88.51243738916436
"Student 1629",85.19410957487298,90.82681065126091,14.562461754897221,12.217781917030015,56.71361111042445,67.62432753677908,33.655872317568864
"Student 1630",85.38367315253235,55.94412885372224,4.75570723342284,64.85424877656371,45.98130674802019,22.808734193926664,65.47004619645203
"Student 1631",16.741661901466216,18.986217012288048,12.30712356271263,17.12214861024445,84.32495774591737,90.93810325860512,93.69686687629866
"Student 1632",70.4452812720071,48.54902132307392,56.15133598174247,15.554330960431125,69.82122661090756,79.51638513765286,37.24887577790708
"Student 1633",7.016426609216339,12.46547188806047,39.734717098953126,66.83590837567525,92.58885552071318,11.42731382074374,82.03378996682802
"Student 1634",75.03757152435489,87.97903645581988,40.04640531534566,74.54045398656704,57.54382861838698,52.23044212657953,54.18810546177883
"Student 1635",87.60780824885728,63.509422886240195,19.10283820007819,86.53675917243551,19.183187601899448,17.246545412995378,84.65585769426536
"Student 1636",33.02422755689612,21.16488383571678,59.08096744266628,55.97863917281555,70.13004040135606,51.88614815712135,11.861468939171933
"Student 1637",39.70191698260655,67.07027143888875,90.59868434886744,56.89469471261476,52.383352510033774,91.21124005631656,9.51953917524074
"Student 1638",97.47308525627302,50.03433615918408,62.05198033712344,4.699927035561494,26.305679545362803,47.644322390740044,66.65411697752857
"Student 1639",89.04683617830132,72.4112953112657,80.42337296148008,81.33138383526786,72.70430410403512,29.725376484008127,16.110364845594574
"Student 1640",5.463131382897522,37.607636106195166,73.37771829682835,79.7532491255747,50.57885704864948,44.22446866096455,67.89535901189312
"Student 1641",7.28832885661191,2.3392460926035654,86.2283181283625,15.554931681998802,42.50960984112387,36.09636786669793,31.50586103568927
"Student 1642",38.25511910909051,53.36590032232061,23.99709615417987,65.92918425235138,31.988039924556354,10.109147431518537,92.09814316048272
"Student 1643",89.29327711165348,74.8058935467714,18.075452032786334,23.4674033168255,58.446523892802546,45.4193577054762,47.692541597068214
"Student 1644",23.458397455569273,56.09265568090728,86.91956217076644,78.62281142729168,66.42442461281483,80.73986311819698,69.61506704603393
"Student 1645",88.38218030895533,42.81829338252876,68.38553985219333,13.003696001637177,83.39057802144501,83.42387517170798,54.70982364703865
"Student 1646",91.64226572320335,14.053316041240201,25.97311644421456,98.64050526352031,1.8291854263387748,56.86585942419361,43.954597653707125
"Student 1647",46.106036116141375,80.47458153573423,89.84362901622228,16.0328667482388,6.868115873896659,85.02189804759007,68.88838892544463
"Student 1648",10.626962086031456,83.88779053711669,67.32692449127586,7.468887570798848,82.57766870037534,10.292009197054345,29.78186127361346
"Student 1649",10.399647104976669,37.57233057498966,17.0137615683483,78.94498382865923,35.29848156026888,32.990522516154705,69.45084311106172
"Student 1650",95.58278515939223,80.15661116494049,66.57737556169917,76.5552950714149,99.16919483389353,12.077737738949814,0.6249030401750869
"Student 1651",62.47179143192102,21.927016746574523,5.364644626645799,61.19983275808257,89.21613958384725,36.16260370018765,28.684810010748564
"Student 1652",27.6038123372841,15.074954885477897,2.2931642525265903,52.60798655511424,99.80946509453638,2.519687697747178,83.98315406667476
"Student 1653",68.23657215702609,44.92489240181471,43.49452668278853,31.2984897876343,95.0360632623754,11.757264229991112,22.492114093297836
"Student 1654",63.97945872623928,93.17575031698598,82.39478350173269,84.38221381321556,50.16067532209738,79.63371645495467,83.27707095346723
"Student 1655",17.173728751925708,97.35621540304813,42.064809058467056,33.39183891641876,84.27497441378016,98.88780545942016,1.9990499523388445
"Student 1656",0.9579988117164425,35.69131693850701,43.69411826655812,46.52111999796626,11.714118044728735,53.27668570681351,40.54252189621964
"Student 1657",73.9679724532461,53.2718088956046,79.10361760263712,37.73494092127367,79.24282274746999,67.25660447128404,55.017078419708284
"Student 1658",28.084956644819204,34.8525268246195,96.36975102518905,59.0529141951866,32.47311600123885,1.9395448849158274,28.03704071766864
"Student 1659",17.749034965723663,34.069146336801445,54.860559796258244,12.907161618465416,6.2338758670094885,85.12826777423624,97.97194664568873
"Student 1660",56.307179005055396,17.856484775862192,37.0407942079675,30.043999915832153,49.392986049647455,69.3820752847316,50.17908519515325
"Student 1661",84.44486922086902,3.277646999939675,14.901727414695323,49.23292799895064,44.90509557901172,89.3591361609274,0.5038845805954665
"Student 1662",5.946091992003861,75.12877821460945,31.948317373454703,76.12273520967312,73.53863571499045,18.95165937597036,69.90707260255569
"Student 1663",67.51675143585277,0.6943833440546117,91.72483363781565,58.219961194351896,94.92203324352293,98.4177260441415,9.352204264017857
"Student 1664",2.044261209202931,72.95551134397013,86.73036922611928,9.191417113986835,24.385469973256715,13.183326490115984,40.15698118286748
"Student 1665",64.48226781227528,91.7693427435955,11.190505391020828,65.77910064367153,9.677731261425466,79.46392487888724,35.157674199660605
"Student 1666",56.09634240996893,79.80362274531693,56.87682959011201,52.61427382412186,24.49439686078697,42.9572432798168,36.887480860968125
"Student 1667",92.46377282122302,11.262381158218085,71.48096595815923,19.421722755322122,62.838328438785,88.08954708346508,56.70898731821281
"Student 1668",70.69203675042401,69.22837589335684,65.24507701198792,97.32517701422748,37.09293124329868,17.458024929186905,39.572400299011704
"Student 1669",99.20961453102652,40.50877411631551,42.01770120366044,89.16209377414143,97.53299344663259,71.44399991087202,34.15815983469431
"Student 1670",43.4599019410212,51.2806327883232,60.51723771560458,36.37924676956771,66.39482616906281,30.439979405102907,89.14529199834301
"Student 1671",4.507726158074588,47.21972562557557,65.98503726889807,1.1518060823367708,16.620135437013307,79.78617832941966,44.05389304828071
"Student 1672",59.61226500424795,50.37458556256151,85.33170265179042,58.769284198371075,67.5502881604715,13.608704453252765,16.159439558970593
"Student 1673",45.869680795403376,6.612226061432208,14.058813221544161,63.107288417145725,40.14449164544867,67.64069423033632,59.75081442923861
"Student 1674",22.962262113997102,1.7129588952508479,47.332598727366694,59.920892577558604,43.246941077972274,23.79981546969789,26.527426180806746
"Student 1675",16.33962463194525,90.80895779887001,64.82947930641464,21.14197985239971,3.260013851124059,79.18375656989897,53.51660321430752
"Student 1676",31.62974961949361,98.92094947280398,26.75876189107443,51.82886539361332,57.1579508995015,28.050935535081074,4.898775672471746
"Student 1677",34.02652365209752,44.59462207646038,10.917042596394174,9.075750644905941,36.43827840534877,91.31063222574464,84.65614159515094
"Student 1678",52.39122556424511,53.49306570111205,39.67372734245947,25.90519367725269,45.939777895031355,31.181044231221485,65.69143163459132
"Student 1679",70.37418099820675,59.481301437142044,88.50690942924476,7.458693516094248,13.06964545376686,48.60249696892274,38.30741929094753
"Student 1680",62.91821269155695,51.33597841483585,58.494488442783506,95.31315199898471,17.04892621005901,96.5747237332148,33.05606414128484
"Student 1681",1.5400673451815925,84.57223332528608,89.15512736557214,34.33430667749997,28.927190864191044,68.74833483792372,59.332212699340005
"Student 1682",8.153476824743645,90.74458676234758,12.383815096438662,94.89377768493205,20.776398628230233,28.98648386331334,18.820961211422503
"Student 1683",90.12125328443102,93.31681661335018,80.80476864433925,10.298384523222245,49.82422867337736,85.5445370279213,32.51932586011111
"Student 1684",85.43294866015809,0.6750677854551093,91.31204384610078,28.48913339097115,43.04587858687262,36.50692327797538,10.547675808151148
"Student 1685",40.41368657287068,88.69284109442168,21.440285449743076,9.990081887054385,64.23678295678835,69.0326605512223,10.540090173508581
"Student 1686",70.15040344390724,59.6567186441768,96.09723197457771,25.061615147467787,61.58133912444015,59.107365696496686,30.61711758304163
"Student 1687",33.85509559759254,13.571899849467892,89.33142366632369,35.419173428994405,30.142942529201438,46.11930378459429,43.330552434689324
"Student 1688",61.63887880757745,1.1143343870398097,9.301110680573961,56.879200021895635,72.16459651059645,75.88289201400424,77.33143006266249
"Student 1689",32.81944483836428,89.37409156734748,2.2088203078654547,88.73713578950203,8.722919940782555,8.431060037127992,9.00237129025099
"Student 1690",34.68525816999216,27.23641293994461,14.343262532110796,54.73078460752233,42.18617225645411,92.020123804975,6.452917827770779
"Student 1691",9.226341059925902,15.685725206438628,39.7132365759652,10.599907985461089,69.3867966912422,90.72257255281052,13.575682179433638
"Student 1692",6.831701466672746,11.51086071516114,87.89245401072118,56.19611405938084,90.52127672203443,15.005841595071367,59.537009092775236
"Student 1693",27.6603969292913,12.372100132929798,11.46325879763921,24.166759111254745,71.40463009900606,14.933056581057974,17.293645759664066
"Student 1694",93.2864653259235,28.24307773383937,48.82074285290054,91.50162609787668,30.839425210104675,8.022036411125228,67.53283471060512
"Student 1695",78.6016244717099,50.984077584636864,74.45470187185175,4.7938377417717675,59.23694872392923,7.8037918258488475,9.803200834512698
"Student 1696",55.36383056724827,53.41047383199427,63.68921026705869,7.749576379581525,29.014364360488294,66.10278782887237,93.0412205689981
"Student 1697",89.20009944695371,80.31261176672209,83.54374675566908,44.844979933702476,79.28044978101148,3.8139165568614604,31.23695227936711
"Student 1698",93.34717028087206,72.43901130238211,51.76327211567282,16.712928158045074,2.998796110654842,4.585977235472584,71.22042090832666
"Student 1699",8.89378426043851,92.22096252470087,28.437112638364486,0.12485265912309501,67.70146829784848,13.12171293963377,92.5424815131797
"Student 1700",42.941637967358645,9.13367681874213,56.87349031352542,1.5750301607656887,68.55020605813773,82.93272801312281,88.07309897673782
"Student 1701",28.693283044036306,81.2731150644678,36.9343323290607,89.31491117762019,5.834789897978846,91.56833295663688,64.79718411101372
"Student 1702",80.9271329266878,4.2412763809487695,89.47671645657007,41.56749994920326,12.838383041310186,92.51389589807555,63.17776174719155
"Student 1703",48.5824412063168,4.879060100307371,52.697840543063364,49.96740384640734,4.360601905953111,80.31847852500876,72.1419273632753
"Student 1704",96.3073259352807,35.1752364647343,66.79423125587753,97.6953355679295,16.86700514331199,18.80364108282147,4.186029811507386
"Student 1705",36.6668555337493,20.550013303822148,0.20125041311658742,99.50805874004224,76.60952455494095,10.488070562796096,10.854371819343308
"Student 1706",14.676266385554054,33.36483648094428,93.04534482623853,32.65372285233158,95.9517409774842,67.49154019148133,37.38484798867411
"Student 1707",97.62751022555065,92.12602122464185,1.393704032413207,70.02603304933287,17.560340639840522,81.19837512085904,70.10783252826984
"Student 1708",81.21573485050881,74.69541963030231,24.16444085637713,47.32085630855471,85.44486146489457,32.781192219818394,82.44344543762709
"Student 1709",13.27867523592321,55.35378076129322,51.41328197287335,85.76594086853272,25.28413047648877,50.753025961687605,52.983819100078
"Student 1710",78.35658468641915,96.0998631741302,24.012721324580156,78.65749541051274,42.02602032314815,64.432335810525,28.661414495698413
"Student 1711",69.0372143857296,1.8541864204601657,59.74922690245178,59.979879218700574,46.225937753702155,24.070761841740183,71.20857886052411
"Student 1712",0.648071249980074,0.7202795451258296,30.94024214523236,31.34395292987191,57.89484529282378,75.01560059622093,19.288101848556717
"Student 1713",14.439275117560255,51.97761208469317,61.102044445294524,1.1688442253845241,9.901550908596542,21.355614992122618,21.707465199712697
"Student 1714",64.6721134005402,58.39961830176775,7.815146272402377,49.92696627649803,0.5276056189485813,26.94030256298324,19.08042604829588
"Student 1715",76.56206595848316,19.53338516467237,41.47948316289563,7.300196148858879,37.37494480004474,17.371784800496126,71.71174029018853
"Student 1716",59.6555835540034,26.19949325696868,55.38609175628528,54.0144880709475,35.914106390298464,16.097823871104403,5.971626029479947
"Student 1717",56.84654873173242,77.79160680245741,55.995119283421744,77.94113394263653,44.71391935741874,7.934016134234409,76.20446813725191
"Student 1718",28.95771195465527,23.273469253214902,70.4602942550672,24.714315634470072,14.05096367640794,61.80197155948358,2.132067946837378
"Student 1719",44.742505558492724,92.05359111102602,92.39632546381932,64.29880118849968,40.57839354737877,25.54932751032628,57.67229704422226
"Student 1720",24.122746676314843,49.56346751759194,10.593959290176295,75.37542690535305,57.68495611713258,61.86177357878586,88.59776642727377
"Student 1721",51.3819396707937,94.66363077278037,32.42574394351573,49.76398585907202,65.87979431574799,5.176142641723022,72.67364450239671
"Student 1722",90.49739021371818,43.53819300410006,10.403730034720907,14.649407378326728,55.65269235806066,44.747403405830525,98.94451319336082
"Student 1723",74.4140478459444,45.54190778101814,35.11507111127551,80.27879145553807,40.4220674087803,97.38206159446484,33.006168429163765
"Student 1724",94.52558689861473,11.222169279965168,43.44583100375225,84.37709005647707,87.60424908269357,33.053512157982254,94.75330911188192
"Student 1725",88.84656456254231,64.97397807853712,13.01320599424382,81.9611903216208,91.11146581879368,8.899250424391168,43.52320541900775
"Student 1726",89.58415527699889,0.9684996210318191,67.8542384939199,52.89459331030532,41.00199563792104,84.34301735734529,46.58606466148647
"Student 1727",71.06788287699788,23.21670301465975,83.44068991494211,76.87838418247122,84.9435439058012,24.475517121288604,46.43776723586333
"Student 1728",91.5165050003127,22.54632534352613,5.598011016681662,16.3357668372788,81.83347909278314,69.0041308246483,0.6576332295524153
"Student 1729",26.413237203064327,64.72958077774315,10.041842131757118,50.312557518271184,89.7199158442597,21.299087978091645,37.11846239178031
"Student 1730",28.88721767411424,9.548339153882859,44.111158810924714,8.223228543188451,95.09288494060172,16.416186195551706,88.38074687770721
"Student 1731",76.44357662281958,9.149089773887496,90.81113411485123,61.014415471146755,95.02992592175985,24.967996044953388,94.28593101449536
"Student 1732",43.1460150651569,59.89031802063872,79.93832434081679,75.11531792726981,2.0813464725174544,54.12260187465856,22.13252990096219
"Student 1733",11.741617744614668,35.09692440323233,51.10829995046713,35.616084257807195,69.77595125896549,40.17599251099605,94.17982657932227
"Student 1734",26.004853977876618,92.11859448370365,29.02756744362672,21.6874519635563,80.18129891318515,2.2851662384700018,33.60970141413649
"Student 1735",72.99395609533882,97.35874164103751,78.20983718374322,0.7643694068166834,46.611841952840685,25.312241171255717,46.577509624548426
"Student 1736",29.365632296175683,3.2293273159548956,1.436580731251,99.99958860056947,6.353037040928861,71.94963711669106,17.480926288061436
"Student 1737",37.176945825017256,72.53747656943095,70.49117399438609,36.00584763352013,17.212414958678345,15.724227753983907,7.060174060328003
"Student 1738",9.450772112539456,54.15012182488316,11.057223490902485,8.007644349368842,48.63112802182191,66.21027678726836,74.56065806581206
"Student 1739",43.8572404355398,33.963306791521525,2.1186673428506064,17.772705925222983,53.67813141530651,33.77590773542213,80.96484051207476
"Student 1740",37.99518870898162,7.133446522317367,82.32032878193007,93.38441391507033,31.86895905626897,95.41532428919245,67.59447251267552
"Student 1741",10.285606657361459,47.13905829725833,22.702505114461335,0.7418222422858747,77.5527337457563,56.60324330349392,95.95553481089766
"Student 1742",66.16918316664587,57.39691477895016,27.468552870179302,14.685372063074183,88.55919754689866,62.159658960450635,92.89275252024188
"Student 1743",15.985205283073961,28.560171762273146,98.63588688695654,23.213016996937483,15.973711789148654,41.65679566227952,34.71383665707556
"Student 1744",61.70851107987141,33.244110750125806,97.25565811160283,27.693521757283683,7.919251369282361,5.894050982974468,56.66526584854423
"Student 1745",64.92919419804059,40.707522557975345,35.77118814336545,42.270326274010586,38.861249434240555,30.54227939545726,61.12611849897528
"Student 1746",84.67892815979252,49.12575469140985,72.20519172739054,99.54892978025062,39.63234495644488,42.76559325161682,62.47649286383884
"Student 1747",31.99732780948818,88.29760460792136,82.73199287043583,25.88736346231425,32.33130458286486,0.5047640109708904,33.652786535610716
"Student 1748",71.32819154760473,13.662252813425715,56.81386941974388,83.78961072372695,89.1776237081171,63.13444969141491,17.86293891488327
"Student 1749",30.065331170461512,71.97703571363351,98.92378455472924,84.86665820752712,93.43894654243982,84.8166898660421,76.33559088392026
"Student 1750",35.45317526219856,20.687075563362992,84.65544141724402,19.87091103068935,64.50572467420551,86.90387844729361,6.285554005009956
"Student 1751",52.41371192934974,69.70272576850809,13.873285780815678,63.23550715653621,80.31456542160448,82.45568109360507,92.78835263192428
"Student 1752",66.60928432726169,74.14017281295858,60.86361464672765,78.73511709353652,99.16329360272947,37.73598101895813,63.67578598669837
"Student 1753",70.53364606242857,14.655067723007525,8.547420249246812,87.88548372464135,3.548335937324231,20.453669179164557,63.23497838596683
"Student 1754",16.850700245569683,20.68126143542762,42.033844336144085,26.893776584032903,58.81291332413618,54.16391525532044,37.81501025030872
"Student 1755",79.6070623777997,13.324504661309266,26.351642794503167,36.64632245196299,68.27037781605097,67.79040425454772,73.9850343587537
"Student 1756",7.800722702690642,47.397095822252275,31.26059749349762,44.090127982882436,16.238079299928707,43.93578339384086,74.73158697971103
"Student 1757",15.607389750843067,56.75339652889346,16.631859768443473,86.60080006302934,8.154811922425798,99.80232771725883,52.45572450062389
"Student 1758",11.217044250124916,79.02520095309569,16.533060514835125,31.885531645812716,51.42530360058398,89.80633667115197,78.36545665650931
"Student 1759",9.228394176775573,62.12676240461016,76.94352812273746,28.40343697280126,18.682693742995728,58.80612250011424,61.68586576366825
"Student 1760",31.517615510770845,49.50669614201458,72.98224277403563,46.650295518866564,94.63475716960743,17.632119345719172,11.813651444371159
"Student 1761",79.63271002949305,68.65889640931728,16.08621428016303,81.02034370612323,6.83197650625713,37.41800144020642,7.215197975707131
"Student 1762",31.97116164729909,84.45728663567644,97.38418807448282,76.63303189559768,61.57988906524554,13.73347582018484,13.668144646502684
"Student 1763",8.619432692515085,29.459678068914336,9.892008045920434,30.902961497107412,32.41949466355081,42.67509803685841,26.62672017180401
"Student 1764",10.76866984287658,19.635776047699203,46.18660366007867,31.9856540364643,62.12461200666858,86.0887290771549,84.75867686246724
"Student 1765",24.261900223641707,75.27607802440171,53.10320481440927,79.77672240119544,43.317231776034006,93.86798105930939,82.93178833679232
"Student 1766",37.487956730938485,20.8747451084057,76.6662312596308,35.72653747591864,39.02461288275194,65.14262088303381,28.197283223801744
"Student 1767",97.59372991895856,50.200143823473695,72.3959121086461,49.848683606734255,53.146191058127776,18.819019561600665,51.66631149858974
"Student 1768",1.936800613383851,58.27918848837883,69.5234036325038,13.523416474543943,77.19084667231067,9.326759845400229,10.463055945703013
"Student 1769",44.53482090327165,10.334570868643336,94.63181761869131,44.02497682598066,37.31612715662479,93.28125680636406,45.46031330156444
"Student 1770",29.450563530626912,49.317437535944144,67.86122972494326,27.820729861799354,85.61278122305977,48.71685191074263,74.06717111203355
"Student 1771",63.69739079307902,62.859272127432256,74.0498669234307,58.61109332619563,2.600465222949145,56.220499161587725,36.03402098351028
"Student 1772",2.4843598139728873,77.69154316448545,48.554196652242034,92.8945250852148,68.44765533848435,84.17172563382017,55.005116529988896
"Student 1773",57.41379713283894,70.63671355784388,12.964448612190616,74.88686742665776,79.2664191498536,17.38915091330223,83.1013037533511
"Student 1774",72.37363536321865,6.725885521014338,36.88710186786524,35.32569774170392,55.044720407290995,57.499102636474376,9.83253674253029
"Student 1775",71.7918269574982,53.80041593635352,37.099116745537934,82.06753111928336,91.51522211130526,43.793884989392005,10.655096313181362
"Student 1776",2.982188967291078,38.43533124971774,17.51736053901707,43.13234632543016,66.75067025645522,42.84940964246203,55.40536455574955
"Student 1777",4.3819053935413175,43.34076437416237,15.831512448999105,20.167551845348864,48.49874237802452,48.11264895022001,37.774860371908744
"Student 1778",11.658973455225206,98.8188746968482,88.7162767041887,73.2642719915826,35.76642329127158,36.995066446576146,52.583561694062155
"Student 1779",5.446477905733052,68.08192696507331,2.8264374433535164,14.494704283235226,72.8556561536569,48.58408254085402,45.76646991625202
"Student 1780",16.321725901345115,27.931854792820904,21.39329355662308,23.809621302017202,36.09532205336632,35.095757856837665,24.775462663286483
"Student 1781",87.42438578653878,38.84810438189279,64.98070240706895,74.97574416849189,52.04832356166891,9.639784653193372,20.28768857841338
"Student 1782",99.4841039597259,21.075701286563895,88.14331426984305,34.85735455032927,80.63396390022588,59.98586153119856,56.4857207846968
"Student 1783",29.459105053306768,10.173184896494636,23.2497697562708,14.751023800659468,37.58316389147647,67.06661532932277,11.757916935081775
"Student 1784",55.717254450306676,1.8695605196749554,12.576374117542944,61.29598102419174,77.60678915541106,92.54845547408908,80.02632218638726
"Student 1785",98.94121260665887,49.30076851870673,29.538836329151536,58.93836516695091,76.1375925427306,98.96798262857641,76.32370735555118
"Student 1786",24.61784879865821,49.22358386512625,14.55361646091053,40.32671928861157,27.471488632538538,67.4390799304555,71.55013811791284
"Student 1787",79.0425440972024,2.058964920414726,6.591377192737694,36.37193652989426,83.83215023102817,44.62128586116525,81.98183690031107
"Student 1788",73.49008105222772,77.51682285598541,77.78029131711983,56.306251037647556,17.218321903837673,83.07004220511462,64.78917132045966
"Student 1789",69.722519761793,14.554055438516711,80.56607431712847,84.36229636238207,34.71502752639054,29.898396594824874,23.972586728410995
"Student 1790",66.5748618696738,50.36575831415713,27.57884298001106,86.66439136374237,67.64006052695278,93.38634812047624,31.618271674153192
"Student 1791",45.48941880021389,43.67759689745239,13.757125448189111,8.367338815902164,54.8692779329689,75.87679020908317,28.42914178349733
"Student 1792",44.60530823862557,37.92309027334524,63.477305856610435,44.031420943809195,8.979885859367407,88.10723444596172,69.5908229964569
"Student 1793",98.2617084946844,61.93476098648245,77.13247686943632,53.74310022598108,93.3924331854442,94.54501059607584,41.558347012564894
"Student 1794",62.827246778209926,58.46076963444433,69.70997240181981,47.73855512262318,80.78690409685315,93.9977953900067,56.00577836914906
"Student 1795",28.677282882116007,40.244436593760284,24.281323177433745,68.55739518331609,82.67339527050432,65.7589377743739,26.289709778553426
"Student 1796",93.53592884161161,42.61771076060706,77.0510428346236,27.81686345768292,15.319302376547103,48.57156071597469,15.601984179349031
"Student 1797",0.8507690864453271,6.451191077571054,47.06949925680891,15.320543985180116,71.91268348874884,77.8940789082155,22.546891677443206
"Student 1798",19.535845171273547,55.04679748979691,71.7184022190714,31.430434192447056,1.9817139979844536,91.63910830092645,70.84046622463931
"Student 1799",67.91875732327141,36.50206451601628,47.96380225331203,53.97783973348807,51.066787329682484,21.323647730502316,17.075382901893608
"Student 1800",69.99944945497462,56.97956127683125,78.69071891159815,17.33013212424345,79.15723234857394,91.84593838700087,51.52230627791283
"Student 1801",67.90252062337754,53.56741553105978,4.261081805593965,1.5590576576384554,53.50852468825407,61.448929155897126,60.83967912309542
"Student 1802",0.3879041296845653,49.041450735683796,49.00879650122159,90.0242402436044,81.4423794603182,45.42336779761572,29.580280841395272
"Student 1803",68.4919773298116,31.24920560967517,97.94532854409752,48.51062220967736,54.59658724373671,84.32286367040346,43.414505955839
"Student 1804",44.621689812918525,23.687401076117435,6.732375048155909,88.57797706294858,14.274297297048841,62.254707435586475,55.80103189109031
"Student 1805",96.96093381335942,19.15317610756515,31.26204477584794,64.99274836264169,68.6314091759786,27.138630724415403,0.4908305469938005
"Student 1806",97.03724113711012,25.104749405375138,8.758670067457686,53.52612770345987,99.7306409091291,19.182052432811403,83.29308892384918
"Student 1807",33.03210889999886,97.20372123178774,36.17270593685644,64.08330522760184,99.86160984372164,22.830861266428627,8.167421972673077
"Student 1808",0.7503473841143395,75.04817332961245,75.76454272829872,93.45298166335577,76.46150763324363,81.99698246986918,87.55403012579691
"Student 1809",2.0865322826915222,20.645026235759094,66.39958630353807,13.339824226639887,80.69342221271361,70.77213444982385,10.87420327123218
"Student 1810",41.544561686702544,70.69459021375833,61.809357743089585,33.339852855819935,71.19866766867167,16.101950174016157,58.74002939933764
"Student 1811",59.90389384328702,74.044330446149,68.81292435455471,99.01026913512825,26.06218955009303,61.77739987807098,31.311760082937738
"Student 1812",14.826534608025662,9.016245453195069,39.33178693482687,4.927910577517249,91.16614308616163,29.57160924982644,21.453732743444622
"Student 1813",88.1130558890843,86.13818736920051,26.687224268961685,18.53354067517521,41.25154360351802,51.521948126055776,15.437261760796744
"Student 1814",90.41301318469323,2.9027676122673043,29.48609591847485,9.366656226794467,46.76308330777062,60.80125382533248,87.07903552743183
"Student 1815",8.798403069084099,95.20738974569008,95.21227902622363,67.28653030187601,67.38880000204426,47.89852671573761,12.645771332029824
"Student 1816",77.78674754964248,27.479372329357858,91.22130544677164,29.658186590698698,67.52746193235618,37.87696592576732,56.79294346528434
"Student 1817",15.955760293621834,46.46109344392208,41.184827413914164,52.18005533358756,95.22552304136647,24.59677313727083,2.913206070531244
"Student 1818",52.55392197357035,86.03443730444195,49.18888134062339,70.71939591147999,12.511157633389292,46.2034859844589,80.09179432338456
"Student 1819",13.807240097866217,92.87826095982587,53.29693458512983,70.3266395297422,83.52103075397342,53.51417017823,67.30304137278726
"Student 1820",24.704199707456436,61.544192864388755,41.605282640295044,83.93521922241418,53.434599393392034,8.24970931227729,19.36922064082882
"Student 1821",29.20579845834375,29.063858071298192,22.07367007824475,19.15065083732616,59.35874672125592,13.075704064459995,76.30358722565205
"Student 1822",13.592493781141005,50.37104405326049,9.032525290155016,61.41555922376898,12.921989998655464,2.0989507512306536,23.795979518149398
"Student 1823",74.43212852103468,41.986775953239956,51.1900463853284,37.82969849659494,99.08385714042731,9.905487278673702,63.756228708137286
"Student 1824",53.529012509962584,61.38267011746319,24.73047276744575,48.466812208313534,20.586578427065106,28.299469258717792,47.2566692263701
"Student 1825",26.60466934054913,92.56988070318157,75.64493924321494,66.8601287289071,52.71445125025913,5.498257172196216,31.256582136263138
"Student 1826",54.530828554563904,66.33543285583694,92.18375675894359,59.8561139814231,56.95043450552559,97.57917032207423,72.83574744519396
"Student 1827",87.97931177730905,66.11601798240955,26.14108897583844,98.4071663084863,58.950221735647304,77.36019833201735,82.2642449937735
"Student 1828",24.748700386302772,75.91515825124266,73.58751449771168,1.5238398970882967,60.15117710428404,24.62398924571084,53.8224415230113
"Student 1829",4.965901026362105,45.531380774983006,57.21549013276995,45.087752313365165,50.04646665615565,29.847175409245004,21.35164641723923
"Student 1830",16.898914550233467,43.45039676130548,28.336159029082815,35.7374974908313,7.474857664346432,28.018503840172627,49.96704379046045
"Student 1831",37.34302892803431,4.342383304573919,57.70552817464559,13.906043894771194,53.348006889316835,92.4104947655968,26.797791656886393
"Student 1832",84.52505535322075,34.140500169034766,29.75128470489664,60.68163289209863,48.49477959378239,52.763282782615406,37.30673944003966
"Student 1833",19.933926965535115,14.777442400591964,80.23441399190384,18.399560965561523,66.24074769372783,17.377425593638716,7.115686537311426
"Student 1834",56.02065950924473,43.4267567174267,71.41921555092587,69.99809230097709,36.771441212654416,78.92083507472832,75.19547695402082
"Student 1835",34.0241790309487,22.782448174234258,2.13663147148744,38.52767468563517,14.917735817106559,61.93651451335705,0.5676792723712543
"Student 1836",4.623275827133219,7.883368010039573,62.20768140810734,53.28329656134731,23.99248433357888,31.21906677030709,96.53858281172948
"Student 1837",98.46427210430745,87.07190179113799,10.257047750594271,61.468268917394994,79.6636797064252,63.54799396647971,71.3975874771636
"Student 1838",69.78617779678513,16.050953713297087,27.377054722742976,22.121668520588212,43.36557572194456,64.70048741820982,89.55792038568192
"Student 1839",43.549723474476465,94.97330400442175,83.4472306828809,83.27417051760996,39.05361373676222,16.399016648286743,4.953902203688405
"Student 1840",94.9600828246673,29.527317231606727,47.32190167274775,21.023743758873472,7.888970679824596,11.055521932812734,6.838064372892573
"Student 1841",5.341375346240111,36.520308912073105,40.337932328448964,21.651135984059405,92.64205455885207,81.02502460277015,80.15032293076607
"Student 1842",68.54280566981038,63.05636250850595,3.6444481600645053,62.80540144792336,88.15386959316098,26.955182815541022,69.29313137831103
"Student 1843",8.322714688917248,90.9587959561933,29.78961312934203,16.939941795063607,97.31369135192341,67.03106757688802,45.52281801147313
"Student 1844",60.40683161430479,91.68655434299282,90.46350897565853,31.799655565595884,96.49755775474172,12.38458275427932,71.28687303852082
"Student 1845",31.486178023987925,57.48291846545881,69.4329717078981,91.4109117946727,65.2004858620366,20.249411773947852,9.421082535706802
"Student 1846",95.45379859164085,86.18875213766337,15.872932942834469,38.362059717705336,30.467896651355318,36.82165880756109,98.35936088269128
"Student 1847",13.660797219572935,65.3617992481823,4.49104806487067,13.806948438179958,72.71481220849161,92.78627011263903,73.30202753911381
"Student 1848",33.35190989050505,88.22656256542106,76.49313785678947,58.75740021968989,85.6990940550979,44.85484722848126,25.209878942720053
"Student 1849",88.85847131670191,50.37442950714849,4.0373890665212455,66.82501452127337,63.002152889958005,66.89365724821882,71.9414257053919
"Student 1850",49.644779047009045,41.388765799492944,21.115550187244438,41.7452877632722,97.00679813466454,33.446435577594194,94.68570053810949
"Student 1851",18.92651496648537,80.03914152448185,52.15829018763518,57.90369739666919,47.74962518188865,22.401076700460774,29.0064573638843
"Student 1852",49.31944503262427,96.21272824264409,26.818364162414877,87.74480883582729,41.25500773656087,41.83978549788826,13.790695917966325
"Student 1853",23.882665178126203,72.42812612198199,43.84114780769032,7.582684762224005,39.693342047002226,18.322167176463424,39.94043077616093
"Student 1854",73.24677665349648,42.64375225342402,41.42497348660205,41.74180176339464,20.413003924479728,25.262622330872,18.75986151453973
"Student 1855",13.224296492799603,62.59849382954461,24.40997375387514,32.29054907402618,19.71949426204816,89.88203972899191,48.860621712747964
"Student 1856",55.96302104702673,20.63842956298592,79.45608965111393,46.553732610547286,48.75129175367179,54.56801676330302,93.732544051634
"Student 1857",80.89705446175175,81.42257874599743,65.19098898483458,2.628109290639238,60.56519737439542,61.128543033999364,98.86650328276245
"Student 1858",67.10898470715888,71.2681821350923,88.02915476266593,15.701672259638686,98.78304319273263,47.162279103142524,5.833991849827683
"Student 1859",50.9284587824568,20.38321187325507,63.957343813662845,91.60131893239294,71.97808826576671,7.143047198150286,24.0221804137995
"Student 1860",28.391940487450544,20.84755738080538,97.06003183671801,75.48318122887355,58.58365424073487,7.673745821752504,4.872924994661489
"Student 1861",76.53344317110702,42.77257792762566,78.08656112071976,60.34791297355632,8.585621206007474,79.64222324452265,47.65168732364854
"Student 1862",9.25792475240505,22.248765258940697,20.003951888171017,54.89968509933089,32.05732469304768,54.79273780355528,90.18093285775205
"Student 1863",2.1726628033553017,93.02991767718348,33.38416073807128,66.46375721010858,43.83468768105651,9.149752054873643,61.08656643856888
"Student 1864",84.94965201313161,22.411898736524233,62.87169535965486,67.6494412677552,56.79729756870573,81.8699718812273,51.24935005571258
"Student 1865",84.20395648582895,5.527978512196884,54.035320991130234,19.096725757839874,39.48952344243862,88.29614802840399,34.9340675258809
"Student 1866",30.70277357360527,9.064046865878826,26.192701523618023,0.8591681933014267,47.665339673552445,97.88925201671542,66.54985725907102
"Student 1867",8.155588350842676,29.38981055759588,78.75583678770165,37.86105809579919,9.62422281633671,75.51024962601473,79.96415702283987
"Student 1868",97.40648579928724,14.540243382574017,22.110672902538482,45.06297989796203,58.79371408576848,32.76756793288288,68.01800507222109
"Student 1869",89.73824599710508,87.17110955423992,79.76384119399225,20.262453975454427,39.51310872728004,40.503808225644214,85.47919819463166
"Student 1870",20.788199861726138,46.68007028265285,70.79914646748988,17.66098591299529,93.57193137416827,41.60026231801883,82.03953548168843
"Student 1871",84.63669167405992,56.74786685543498,13.992449080911602,33.24408273483678,20.12997849847599,62.64783336921792,86.57417619590608
"Student 1872",10.85567484326387,16.25349706621376,76.23173441530822,78.92451739959135,23.699013951920662,2.1985037448827063,98.70050740397932
"Student 1873",43.582201368436294,17.295562759993103,46.15848980030864,90.84099747211219,40.5575903424848,4.892157509250443,10.559755602175805
"Student 1874",71.18053374521483,73.268858661938,38.4706279644345,72.19953784507848,80.72386245604781,85.6702354369476,1.7342959511275364
"Student 1875",3.356791060154914,52.13151061070329,57.757999596674466,4.884419482544,90.11629410521077,8.632361320478282,52.86537862806237
"Student 1876",82.10906317850115,56.80124509392627,29.544080543943156,92.00439216946191,71.39732348610166,4.054156915384048,54.62327171707041
"Student 1877",82.54684702937321,37.37461498068645,18.495005189908735,12.081555158657155,45.73271975885278,21.027428093388508,50.12136737719254
"Student 1878",4.698919770601815,25.609791347013466,87.87481030218942,62.6536283129216,71.1572780019636,29.548703966435237,37.316068018982875
"Student 1879",60.078914907215754,96.37639596941436,26.093443481898284,29.831642458368634,43.77708528194313,57.53741153878067,39.81629046870775
"Student 1880",80.72103165798356,80.09077455950501,41.91631228263545,79.63423692920638,30.016562410698107,46.80875756798129,5.555995541597304
"Student 1881",25.634833519916157,27.948441056447145,21.664831544223972,73.23566156327203,4.0887134745129,47.911688033897434,67.02312854634911
"Student 1882",91.65597504496756,77.0650884260744,40.22485870202,41.55362087547713,2.333847223168524,32.87527752974853,87.60926587203993
"Student 1883",61.660897935606485,15.623668114072837,83.7527495785676,45.8540727956171,94.85783128262165,86.75362475190805,96.22489998196016
"Student 1884",55.94695077553309,51.44178295797958,19.095214376446183,37.058663687555274,99.23126079041693,58.43013658703759,0.7862972032724186
"Student 1885",81.69151284727658,29.762222241060865,95.66064053638094,24.75026172497103,97.53338494183173,80.49462077495667,21.212634111546556
"Student 1886",22.68427876952854,57.16113018209518,11.579424119408573,97.79236827648319,77.14082249816133,98.53399514571112,72.2969240497128
"Student 1887",43.00245145214873,57.43108396483425,0.11042525738765231,73.95279379934617,11.75114082905858,57.70410393258665,43.068053825782094
"Student 1888",9.74199714784981,60.426601832260104,83.37227453586713,96.47097236250981,76.52261372043225,84.00575475937667,0.38885752547222757
"Student 1889",45.80420443544602,79.9583224700657,69.34265389619377,46.13989248154582,10.609582110241575,0.860614248729095,64.28879504064693
"Student 1890",83.30659952456472,17.246515860343077,22.296010720818977,38.80365855459986,6.539929381365534,88.80272522974643,74.90956750699323
"Student 1891",40.48541058450368,84.32113845646599,45.03062559566058,62.62934971966918,96.86474573809262,96.69991942917918,87.05179655948264
"Student 1892",85.49735802168674,29.816164740080982,58.26091309174779,73.91009108500003,59.51661950729517,84.80522293864111,16.209611291265542
"Student 1893",81.4992483211455,84.97807559121972,83.06569307977489,27.19778522494691,75.92700545899214,50.210685516315124,31.418933452370872
"Student 1894",94.7111388000354,68.1066734613463,34.17820528335926,72.1681473407963,86.8862787034298,66.51127480824631,27.872305042509055
"Student 1895",42.98119466761744,72.36933944808017,84.71282393092795,77.94992669741208,93.26167321833317,68.43767383374794,21.27463014996596
"Student 1896",26.101093758139772,15.256965170442555,69.16825090120994,72.72761638884236,40.513682369759785,85.22712078221977,65.60098745789547
"Student 1897",15.588444930755477,41.94655124751414,66.11966676840017,12.632162842677818,3.082909445015371,43.98110226501416,36.175131739842605
"Student 1898",7.325407479277628,41.998988755642316,96.13702625438404,14.649968887572328,61.36953189294567,43.98063334130842,64.4291202840457
"Student 1899",79.62867470533659,17.44946425759522,2.5319215079405635,49.128335479113005,67.95877262560515,67.91951525348276,92.23609692551238
"Student 1900",97.32080963607926,23.49960887442532,56.90193054220121,16.116025619099652,2.23660242921298,88.25398191718976,65.28339110794609
"Student 1901",45.20684102133538,1.5899020365190042,17.98110787487791,11.722777146583647,14.598530669229643,27.36615978527357,26.631340191962295
"Student 1902",64.89197411588307,2.830731225663459,93.54485430359665,70.04312011297986,91.86241055197095,70.98099637612003,94.37835660747993
"Student 1903",41.35028444172498,78.04260168819907,0.08890716125006069,21.651214808231085,72.00386257823202,58.909723690790614,28.091532471888918
"Student 1904",31.064845562411342,34.99174168001401,30.26636418973021,20.42118706528277,58.89897751797306,46.95439911083164,70.77690532331495
"Student 1905",97.62773947520506,59.242861735234655,50.86196796166904,19.27244063174039,69.64213796324836,69.27248943404302,88.33655707248577
"Student 1906",4.515951886413885,41.627538216189784,76.21534456241358,5.400395516808483,86.78766091730982,40.48484301957988,23.801664863988695
"Student 1907",29.986371865771826,2.4359281393622476,43.351595177726715,49.45705718530286,3.742136831855189,22.509520945727537,98.62949448841917
"Student 1908",35.81572504133948,2.6450369289809834,30.22935526732409,20.741418567348433,74.65669035511877,85.74851273170643,78.84842774378303
"Student 1909",80.37434355102448,12.84867726653935,16.41523119071377,30.68975825430686,51.57614929497254,1.59292578090819,15.274149657489158
"Student 1910",87.21918825769028,75.15387836671074,18.009110554217035,1.3574571223693126,90.69030972847857,4.307266210764202,38.24190246173214
"Student 1911",89.73001925062668,43.42433127333308,62.8161701631614,90.38547587599986,60.076534856544804,91.80314574872193,95.15471807258756
"Student 1912",41.032007730390816,32.02010198996306,60.89851689934659,38.6064700630278,21.816835266406716,68.58500822293362,65.29727294176205
"Student 1913",46.14664478232281,0.7340170580201631,64.74263800758321,41.24327340151604,77.12410108280685,78.06373219100212,1.9128589344975127
"Student 1914",75.14072226359849,67.46328847664539,40.88498580603181,54.846240825981006,18.071238362467945,74.30558759220887,25.09933679885843
"Student 1915",28.37960661423347,8.499874627200654,38.513595732842695,47.28175711519276,3.1827309810152764,17.07026083732554,82.54128201685621
"Student 1916",27.741121612950657,11.125184969732294,74.68263934048989,30.830165993109805,5.168304078601644,24.510410687623857,72.92089145497188
"Student 1917",88.50605797526661,7.342408847974808,90.18705587405282,67.40318168850145,85.3939060876722,74.13102046514794,13.05887179999293
"Student 1918",15.115191202970529,30.191612460489363,86.67537279492993,8.21573854717685,63.192588545040806,95.76272410856669,38.060661828105744
"Student 1919",92.95541150561147,0.5557503701476557,25.87670498801049,37.81489001451469,4.798438247060063,65.08102734894398,28.013223740411412
"Student 1920",26.38858286285152,42.51469993644311,77.55868755850801,25.76235573587257,8.410839409981685,48.37907758270792,20.753887024865993
"Student 1921",63.25052930756534,18.532974925113045,69.37649399141755,28.877915511802048,67.25194811489904,95.91895749389252,69.08092288683315
"Student 1922",70.18829685952825,15.31971062541305,19.516355764915065,30.93204716173446,5.45565117057651,88.32223920294778,49.9595073703407
"Student 1923",15.737226304729818,24.988502824102778,1.5946534805950412,37.580745885442404,6.133160200582337,88.41437813431845,38.32071296908895
"Student 1924",61.95354503074463,25.65304050271266,0.9100002128637062,40.62879544393358,7.219969346021372,42.036073801400164,29.34590979970457
"Student 1925",37.452052903884706,60.99632023222454,89.81918751105525,97.45932040617453,83.9387090445047,80.63853670608515,9.239186309893467
"Student 1926",56.60553713231761,76.45364491073411,34.22135863852723,75.02843481603183,27.121028021650368,29.494330752565602,93.1975390612802
"Student 1927",79.76730964587833,33.34663239282057,61.57668120521467,23.976080729320984,52.40114569529426,87.17930506725709,4.039847046859531
"Student 1928",29.589722381381517,15.430240387096742,79.71735585656789,18.754741760650557,0.09635553373652055,21.718610109344755,16.625305723902166
"Student 1929",67.62523685309944,37.12096296057317,67.98189801899028,90.90595201194535,99.69203499931453,85.90976582070762,90.89153582358449
"Student 1930",70.24434603862127,59.359208000991245,82.92018172556324,73.567032796574,24.495757331738837,5.948055832333964,96.35965343444514
"Student 1931",78.95161113802817,63.8269847433895,52.255837707546235,85.52479978660618,7.287201176034262,35.131712259992895,60.970038720854916
"Student 1932",67.94765217279092,9.285113981845182,55.16585344971197,3.4560922713475355,70.67247102921881,57.418572790312915,21.070114028396624
"Student 1933",89.30150814204877,47.801525970846555,83.67240513737165,17.014124030881415,21.93456298731898,82.46828674985954,64.7922574197202
"Student 1934",79.59864426658095,88.72960391868618,56.57190074879917,13.419776637493264,47.37620759684143,69.84809081207926,46.37926213966443
"Student 1935",60.99042942546106,28.937222341576746,57.980408761108635,51.467189497355484,2.935897643073049,6.573609360583572,34.49770191794487
"Student 1936",37.96447028537178,48.08586731904388,46.22431314058043,34.938161677188674,92.69220174813381,55.05935207343319,91.80223314936963
"Student 1937",24.199419951305813,87.43286666197208,54.72955873785706,65.26852421119561,66.59839028548892,12.093710426953216,87.95484457058201
"Student 1938",6.603652479059637,29.13379857617992,1.3063203115695987,63.863718030928126,98.50909203557681,35.85589116579953,32.45180762980841
"Student 1939",30.334003559438845,67.277577100951,9.514690464689677,6.108051860135359,85.13645876178643,14.18125434820734,75.92120236120645
"Student 1940",11.705253004934267,87.33033154865242,75.26098292835644,19.260271679063287,80.0391197304231,78.83422424677156,61.31967434941612
"Student 1941",37.84871057169988,46.43218872757387,7.633712395036747,5.2537867693298725,70.41141938716035,20.0118246576261,7.446607731246738
"Student 1942",73.35180984364085,99.44786661025886,52.81512186683689,3.629973564332989,98.85248863611805,52.530514043829626,32.60554454393586
"Student 1943",77.57095746126417,58.48956364044244,71.24951475746371,12.637117618336827,43.984677439186484,52.552182866888174,15.884584002797943
"Student 1944",24.07951181357861,33.967279839012605,83.7179506999154,25.20758815894065,19.00328173586166,3.2041269774810783,2.5146808249967174
"Student 1945",62.12303119224772,40.03040538761845,70.41480430994707,15.618555695176722,72.88021887496429,2.0605417216005772,10.908028868274194
"Student 1946",50.309006961241366,40.12559335836245,36.24517637047134,3.3089514253166827,62.57119494316934,50.14895113988298,21.811355526286487
"Student 1947",99.65822780491736,12.78710150232783,44.59796254325031,94.35629911032652,29.841367296645373,35.54732454774117,86.17414362058715
"Student 1948",61.017827773989644,49.11495909157518,94.70501303739334,86.29627778608847,62.46166990834363,47.30302972362232,86.56469502187926
"Student 1949",52.3220540734624,58.65633024645408,59.91747732481129,6.361467217438976,28.572706627660395,6.631692602402536,48.600806763776085
"Student 1950",28.634590162362638,56.662678189982515,62.083542749627405,69.30126751291385,81.24202893383399,53.47237869032764,32.275639994872954
"Student 1951",70.05814237398637,87.91619700311377,35.094578700353566,93.29615278507173,92.13773288988426,46.74203641484554,91.79989762783055
"Student 1952",38.79731042441988,94.0849125927224,82.64492325617215,64.17100636717971,47.031119698154626,65.42501058137493,46.066570840094926
"Student 1953",4.899504336824675,63.22103163499263,59.863151920403126,72.05139671390984,25.99351632041132,7.995785920702711,60.48527262946809
"Student 1954",63.97823115782912,97.5562588306947,38.13151311019823,97.74428065496878,49.19678352975038,23.052212811216158,37.38727289977389
"Student 1955",58.983954988602164,70.08160027302013,9.167895002949667,93.9959929941569,90.47839230123398,49.419935012654534,17.482526885939166
"Student 1956",1.0014496020570591,52.776515736761155,33.102176748206894,54.22984463519016,6.153019764447481,87.94792987285031,8.462380509314686
"Student 1957",36.175870307096275,45.768418145567956,1.6510449475417404,68.11830684317334,67.62026810944664,48.548765900159644,0.3547970971758528
"Student 1958",44.2273774168788,45.48147561511387,66.53180960558842,73.43305129099281,11.525610293085279,67.02715785335933,38.32942388159495
"Student 1959",63.558211893367,38.194702923154246,68.52783584594454,95.66126897436929,80.5470209872646,13.704222780975437,23.220306522227542
"Student 1960",98.45536951340331,99.10476655568914,24.769382989781384,63.55821696985655,46.22618951658033,18.820767682042877,22.01200185046327
"Student 1961",93.53923080651913,32.111861968897024,88.14161237449602,81.13566373003783,25.083215807034914,39.894436157215736,63.388988462854876
"Student 1962",71.92435557490619,64.61536154886544,95.5746306030611,55.735229037385906,81.10640457906537,23.45400533351264,79.92280453847414
"Student 1963",7.416322679216609,1.1484017235846011,41.11186511916683,34.083598103481464,27.76756020671542,13.325840182193538,78.04366188458879
"Student 1964",79.29309242778265,64.68997850658543,80.17254603554859,45.210748960818925,32.67579804884447,90.49314994433514,44.312298345446024
"Student 1965",17.58791001918031,90.59765734214069,45.69133666156313,76.51314348425856,39.70858659176659,79.23576059615417,52.93265908305747
"Student 1966",18.309438950519272,26.55576685057372,79.16151464189046,95.27111301470276,30.21806802611351,99.72785086288445,37.59697309954758
"Student 1967",36.72791443498165,30.847807456466924,70.24239773764836,25.399056027635837,83.59701120322347,48.906251356567395,81.52615953188366
"Student 1968",26.44929560982397,87.09430037195884,27.204701881898398,28.94319893043194,34.98309314606962,48.37652505591314,38.4588296498114
"Student 1969",22.917445564910125,31.3766167324812,54.22852614761098,53.93104181530608,52.31941068873135,76.7034329968553,63.88003680491649
"Student 1970",3.185630399830542,66.55214833627696,9.152873757114826,95.06645936275014,64.25717078270044,83.45289182353962,28.047956428807858
"Student 1971",8.149804127968219,75.14833173415299,36.765946303724725,5.737536032204639,69.47937281823324,73.4312648259121,46.757318542822176
"Student 1972",22.345035493703488,81.19928688486308,45.053101816616945,62.959327871897955,4.681585994565381,20.062776975209623,63.26204349116571
"Student 1973",49.70143345314792,56.500936137163336,77.64919690798747,38.21030308012758,66.8744249305195,83.06982556564795,56.792524823094645
"Student 1974",70.9895257664552,38.44923684445038,55.30832943121492,59.48029909819144,97.97607677762667,56.18035036751792,73.29231773570159
"Student 1975",83.78414456789403,86.59751350807785,45.071058709327524,33.08298349082467,83.62939195341245,16.196761065482896,82.52549674491522
"Student 1976",77.56148401332601,89.60411892982638,12.641056667421575,4.031834239317583,9.495761861274241,29.63030730878009,18.42117305736022
"Student 1977",23.447527637426997,37.80746375868665,72.28680024609781,47.342359110356405,65.0888328437145,81.07001732994367,81.93929403884258
"Student 1978",46.20852570501241,64.02273937034876,60.716910293070434,86.69568656827889,7.80958843138383,27.133238369421676,20.13618018592783
"Student 1979",42.30443539206769,87.74157043377267,42.991625810947156,2.1263699966177154,83.25473703459636,64.5222956498086,48.245318063902246
"Student 1980",19.30283705104734,9.840130228235184,77.26399217418435,52.25164685501584,13.908805030778847,61.34676849351034,97.52574593128493
"Student 1981",72.87005353863293,12.032781261001228,99.49576481004605,25.348573666617224,99.74747989895947,75.29798655327834,25.458277213234858
"Student 1982",98.45957508530958,20.902474127056244,46.396281977618834,55.03465509065346,74.81128988242727,43.949450656790724,67.17795729032389
"Student 1983",46.92102673314405,67.49396326430217,56.89848354590882,91.700259457528,28.67219729484195,23.627487389847413,96.93208116532647
"Student 1984",34.71965740649481,90.73435768927102,15.42473248334619,10.209521424149937,61.56766796217477,34.437983890991816,70.09056265007364
"Student 1985",72.4670442949143,60.98443786246042,25.052399400897645,36.04399914236689,36.20205058946911,7.856791966171672,0.12651908191866243
"Student 1986",47.022181951711666,13.161447705362209,6.773756531068273,86.98025844295239,50.75645519082862,81.14179079177183,48.5427672736998
"Student 1987",30.34419227328765,47.18167509325422,83.87070427178357,67.8368589153141,46.80657535177099,25.935154505692516,83.71318516703451
"Student 1988",97.15642562502573,91.70810901728284,26.908953578512246,91.8092874194167,47.0896698284001,76.5933578480953,81.75969714635558
"Student 1989",32.86112908779176,37.68917124981914,25.923707174978087,25.129979486930903,38.69944965614326,64.96702018012972,14.308529672741205
"Student 1990",38.29445530037655,18.523564536647882,88.45116227614486,88.88481500911314,54.80315687080347,32.69401869806707,88.89171692777036
"Student 1991",1.7897320470457656,51.07060634721794,22.611188637427386,63.69292191078135,80.45009153040576,46.30443801791881,92.11312976971675
"Student 1992",27.650024611240003,92.36322144762589,49.87880361610789,44.88754930263784,97.07743705697524,65.92844029642997,50.716560612345596
"Student 1993",47.16270444284129,58.06402566800599,23.733017600729053,12.383933838117507,66.13607609298974,97.5623419823538,21.88007019722332
"Student 1994",53.48711642269286,20.402908710572838,57.3564599487041,20.642962418046707,64.62143817717377,92.6396093858388,79.5051733555804
"Student 1995",92.78352485543876,62.92582714393499,67.36886691144164,7.644986770321566,0.2285429618138836,92.39461661590676,74.04341561260657
"Student 1996",39.59455161429459,39.30438828559584,92.69315136983765,47.01229463670082,59.49022384317264,58.620018152379636,5.934040163249727
"Student 1997",7.257850046562453,2.021406611025435,50.21884254426703,57.35235653735962,70.88336266369879,45.039662949224876,64.62890224954693
"Student 1998",0.48747821074498426,87.71099550191985,2.5772096860396747,91.4828789372864,7.207010782173893,82.55919489051163,70.20448128407534
"Student 1999",55.50295966521549,24.81752185743014,26.063401919999897,24.941264766744965,45.146414300502876,75.99776407951046,18.816308897807588
"Student 2000",2.8856902751445306,34.41406603645843,17.86476739754206,61.624000285431805,21.702658424925062,70.99406741547342,48.46650509002659
"Student 2001",56.720713724554095,19.34900125727808,22.09866915241498,71.3579765119864,99.7133496513304,68.36058274975372,86.13351708137552
"Student 2002",15.428703794622242,28.501096404069955,98.16010877681846,65.77920560342952,85.97498268512962,96.33480347206583,52.762214456535276
"Student 2003",13.108860264809262,1.9494641084339632,54.363851360544736,7.131225672651446,61.460751396772054,68.52867864121203,5.018890135108034
"Student 2004",34.17022511992906,77.57461324954205,90.79723245197012,45.057392493424295,81.56226401754118,91.06502266481719,74.32403952878327
"Student 2005",82.5964115226958,94.01692974091083,14.194041732141827,41.26686959726477,48.71643172907615,1.428807531907584,65.51224709627598
"Student 2006",50.53597708875377,47.245684589466094,92.89884835991643,76.05371621645772,36.103925064012884,70.68955761512105,1.3659115524608265
"Student 2007",48.47885615451132,94.75766201845363,69.5187872531451,80.07265629343587,59.82410130361563,22.156209967143514,71.03910466574041
"Student 2008",84.09971431582412,73.94008765198204,99.78645129890192,42.8013869855911,61.73623436159404,88.99940908100457,95.29985131291063
"Student 2009",70.92983697036608,14.33061151908219,2.0723678660860343,22.30105158277546,30.450226755452825,82.96567128566907,94.84087015931333
"Student 2010",43.63613890513651,6.70674807065172,35.0363327166682,6.708533993581798,26.75260436010968,33.305589717108944,85.04284572022979
"Student 2011",55.11816991199255,21.841766816752507,77.37641329818395,63.62740414902288,69.97398239062576,57.17701641542825,16.79089697585906
"Student 2012",94.11357258396752,59.80191774160058,7.949695569554621,8.56005505109573,51.48709299928298,3.8180982773735406,67.74499478929033
"Student 2013",74.55176885394859,32.090110044458775,54.68398117313057,90.49660578666774,34.347103307609444,53.997061289449874,23.791048201273448
"Student 2014",50.89575112012798,70.44840460547695,65.38474989051265,19.739484112895855,70.41014900588168,91.29643412832019,58.170230415060885
"Student 2015",89.34736712739834,56.896895611938525,4.772368474133201,91.35864802383087,93.19523929340107,2.7374100242774495,94.08221612712381
"Student 2016",40.33457073956206,60.58447369828964,26.81647338952332,11.767044307942454,80.10868906929974,49.00776387328532,55.31827253071969
"Student 2017",40.785961544239065,4.099585887172874,20.519074949163326,10.092753583374513,67.72913123237424,22.365839564451118,84.90237671761028
"Student 2018",13.24395902763098,17.223752688027822,77.99645998375787,42.9530981252093,32.25923120186228,88.15783133747809,34.31449649782085
"Student 2019",79.10907577013229,74.24807556329749,48.84226361956295,1.8026496782935613,86.25237262246468,16.047779889357233,38.08872456532264
"Student 2020",5.09557159602277,28.155147947392255,43.6419386733974,27.521040506414913,88.99640499774085,30.918332188089,62.80682116943099
"Student 2021",19.83520877443085,24.266691790431576,67.29422596826265,48.05371355543595,73.5915414220168,2.04391040679523,0.544781281424044
"Student 2022",49.90558434087109,12.477749031358485,69.1144525371569,32.8358364604107,82.4733706638207,72.29292117160841,72.1392006013437
"Student 2023",56.308285829057326,76.84517309900917,38.25855486110007,18.176157363586587,36.70017973456765,0.5504223977947983,72.96688177568494
"Student 2024",23.634826767467914,41.159933816582964,41.08226115299891,34.55730744145597,50.85228484647261,93.99117274979577,34.58406738612092
"Student 2025",4.813955639655433,40.0262862497815,59.470392676542716,73.98450277081348,47.52692054295163,78.30769766954704,38.460567907795514
"Student 2026",88.04920055942821,72.94621717778725,54.55591548170297,46.22268098308741,62.36642932890578,99.86465799637158,13.657409294182369
"Student 2027",47.2235186867548,84.80288594044983,47.99235034236595,52.724415074937895,75.54183255244226,57.17133940720641,9.040242625914711
"Student 2028",57.14044088566187,48.824685270568544,29.05079537121327,16.94037610400102,44.32364364363748,8.372998954868088,15.797661820773989
"Student 2029",56.30402999903168,58.972195679538,62.0848083879209,10.179500382119677,73.61599355897567,87.05354616770167,12.278339349133729
"Student 2030",20.141929447085076,84.19843233294264,18.840259627976312,25.801597053027013,96.92646365604713,33.370261131459486,42.416074841842224
"Student 2031",83.30540020939823,36.48942423068162,68.1418354618913,93.64346341769208,57.24765842198447,70.53347044233284,86.67157998860907
"Student 2032",24.296859323606913,25.140012102114685,82.87579861722877,63.02423909233256,60.00896400031838,13.871514181411243,42.277072061107454
"Student 2033",2.5863843720155746,19.550329535845414,29.338933670842394,8.796471241346316,99.42287473491848,56.74823885099718,31.0487995467178
"Student 2034",54.52716727118522,81.5386774932856,90.26850547378554,44.74988761241054,71.1316959453032,78.76484386826674,67.8908810679377
"Student 2035",63.85234267298331,65.17180107150664,37.836698129568234,9.30065067597711,82.0526998041591,11.146099966693972,76.54018148995527
"Student 2036",84.68179929920258,9.246139205701269,4.878353748699314,94.368950538394,13.471031687453685,43.88533759149718,67.16190944003291
"Student 2037",94.60630912444391,49.041584625087005,1.0862248284659421,63.29805678095478,50.407091354874034,16.4106051738883,84.50389019384158
"Student 2038",32.95544913899425,97.16446239340031,83.70711623634847,63.36049566723319,36.021066884630585,58.446452049223375,58.53275316818238
"Student 2039",63.541886176318805,5.903510244746296,78.69615715761512,22.33286216073031,96.11442038159157,4.302913256521459,13.809246597485355
"Student 2040",50.01780336861506,82.59099297440744,18.447694778978892,35.56294206395856,24.386842589273417,2.367905168287552,99.8008544752454
"Student 2041",71.74488353206134,14.863504463120197,50.09521241986439,50.71573735539746,84.74547855600709,42.64010867447342,13.855757425664212
"Student 2042",14.236592582425192,14.874507425517173,33.646755977018834,0.5240531821069199,64.43700986840749,85.03858081883942,62.64513013245833
"Student 2043",9.665661506035091,94.17786877463799,23.309985790529925,98.44252115164942,65.55618871848803,11.703330995426755,70.52142330993787
"Student 2044",80.05851893911984,42.454625967003196,55.52808778856302,74.41675894347239,42.22750519905162,64.9516677086418,71.67687729415377
"Student 2045",69.0916215046495,41.9504247832305,18.454311643160683,60.16496916082724,72.93167986750498,92.06006367234973,92.7858448447585
"Student 2046",38.38421087007454,61.477338798734834,68.08045833534969,11.514119593661984,21.012752722110235,87.92014942019983,91.78087169578329
"Student 2047",76.67361020872627,47.89008051750043,57.97781302756838,70.48822337187968,47.02465643762309,11.944980021722582,47.12323455539199
"Student 2048",35.803189433642004,65.48128474258282,6.128510801201357,84.52259961306552,62.860104880842705,78.36161999132472,79.24464908057304
"Student 2049",68.64957074304616,89.13133773143234,56.80387608361423,83.07400237697455,91.32698806043169,95.03059696745176,0.7247176658691561
"Student 2050",3.4850777865563654,83.41301944562902,74.19190364042001,95.65534242418401,88.64691040875188,61.76104608546756,14.977606245398995
"Student 2051",23.05872188780355,71.33035717814441,64.43591577300019,26.812866339872127,92.14502446809664,86.39438958173675,33.260154163491045
"Student 2052",12.805944477383468,71.00576875818196,59.504133538823844,21.28179018242492,74.81367074961888,8.178166294049444,36.39520972486643
"Student 2053",55.55052153627751,29.438848627901077,65.51778679678719,23.39410560775487,7.466728734668599,11.972451130741895,72.74040802365076
"Student 2054",3.070952406731625,12.849684540883432,75.92769008429,62.941709168752155,57.88813298731166,28.325978594869905,60.82794422734869
"Student 2055",35.097875844812535,92.72111113979743,79.30184220122514,41.03525995051995,19.673229261735674,25.837735490296577,10.58550331332445
"Student 2056",32.88220323799643,71.2392380334053,81.39289023863702,62.182673242607265,40.677215596784706,3.499122309980116,46.52653551666686
"Student 2057",94.02563426712108,3.717091534771451,50.138768904304435,56.974987913903355,81.01337864355169,49.03314934307828,84.45568622958002
"Student 2058",67.5422373924601,28.58386203513472,44.1412891038483,61.65232588222346,94.04128834832116,78.7944891988723,7.55404000994481
"Student 2059",21.92605112589758,29.838967069124394,9.043777019799496,42.225630670193624,50.63817556305408,0.5567291875322333,4.618409077434555
"Student 2060",39.70894463990325,34.35922977482115,46.8037838872542,60.651423856487305,21.42337504384088,16.729328843808915,29.714752135427737
"Student 2061",33.318119042184826,92.23483273714963,50.088245525489405,54.304653772692504,52.41533432535495,75.06174441091927,1.609317630962499
"Student 2062",39.97770002381297,50.80241754966291,2.1447497540923446,93.57105231482765,43.652481224637754,23.391033433518192,0.4724753540759283
"Student 2063",57.48375649788683,71.3527375092834,50.06949496901122,72.28371548418379,36.81962047563224,3.9712258520087884,82.5133693893596
"Student 2064",22.77652132742373,10.334552309016793,68.92913289721155,14.68062705338245,42.87017329487644,83.22984576332205,0.16174884729579933
"Student 2065",97.70532831009044,59.660075862584904,66.87623474072751,27.75565510413128,32.618675881836154,42.3185083222673,99.09234984487077
"Student 2066",84.40047367384264,94.57356911812377,65.06978464830237,17.820764276361245,29.297027359776045,13.21454582104233,72.9241992246115
"Student 2067",80.43833670646387,7.117520287444935,94.61096397240549,88.18328000151762,62.46551891036155,83.14128341639562,43.10503217107529
"Student 2068",46.82317986329669,84.69318529487364,98.5695004490338,89.2261785851936,4.480057911606142,71.48406016398953,84.98664568673358
"Student 2069",56.01230283834243,6.403043486535473,42.780069514692826,51.816730228409234,33.359077514712006,72.79249900675941,62.79897092684523
"Student 2070",80.34602845517685,32.301032902330185,35.8006715298953,65.55989728489936,63.57203685546339,90.50410840785604,61.10617136862049
"Student 2071",12.951656244708538,78.63450237409195,19.103106639228436,40.41494066525409,38.24948909921622,6.258905650628234,46.89299732800018
"Student 2072",70.86135155656041,17.15816217782636,55.97977143820139,11.697159471528892,25.177153378841822,81.46959188731476,96.36828758620788
"Student 2073",38.09493181354757,25.998606011146997,71.0135348077875,70.70310460025776,57.51715964484927,94.14085893638604,15.32991962726514
"Student 2074",6.372854826855644,82.90451424154867,9.803460853747344,48.116530821793255,96.78038380289567,74.92032681744261,21.175080216801096
"Student 2075",15.252140696040792,78.33111543381332,92.95240891550606,63.93687413855137,44.438292547299255,42.60402860190849,68.85235266558534
"Student 2076",66.6395448217507,65.9672308165624,13.307460655694433,34.81328041129195,8.125331275847627,81.56384012474224,5.181883351602932
"Student 2077",45.68521076866197,69.49790871085023,57.54786814926969,24.86919768826305,50.76047306443006,76.16782094682635,43.80809768513787
"Student 2078",70.40606297853044,25.838546111187465,79.08412240303326,26.22562481727082,36.602475275851674,64.3374162813126,19.587032104118222
"Student 2079",69.51155954674628,48.9650519888002,21.45302163870002,23.74571207022601,0.8118713913912137,87.2219818397781,32.60434229377134
"Student 2080",90.11447452611591,47.08424218465368,51.99418935170939,76.4258352295019,31.958079285439922,93.5900016693662,64.4793385147032
"Student 2081",77.06766680353678,18.214459364780065,22.719501684752462,30.542973848123474,98.4384281193209,1.3994154316295577,49.76894414328966
"Student 2082",61.617768774330486,39.595523122471754,45.050654840441275,47.08130899196328,4.660461545823239,20.406746949139567,21.056724107925827
"Student 2083",26.604649143077474,78.19770019532099,70.25566371675541,92.42201834373229,81.75528773707292,81.1891809666551,82.3524886472148
"Student 2084",14.591711456658505,76.23975196685815,35.507115952683456,31.957296085663746,52.85916554644044,87.92840841360527,17.446426061927692
"Student 2085",13.358356146303171,98.21851815407065,37.364717163314914,80.9507891174536,63.23281017028338,86.78399085385934,90.78846515169077
"Student 2086",89.90411788663698,86.4001803283686,40.89399630737935,57.04287561830388,76.89165644160914,9.265371338666837,60.926701118139526
"Student 2087",48.139197021428124,79.35315813043377,14.834149214338751,36.43880122824125,6.205906514001707,38.79339053173578,7.806207794724121
"Student 2088",73.67603261678177,36.6828916488241,7.684500155337324,83.04984718656742,48.249970433612305,56.627328381374895,50.00390312576661
"Student 2089",79.77512684284412,29.093608279858707,5.205922915554595,81.02399109634031,43.54698964895361,65.73717908700014,99.45927715155877
"Student 2090",52.626685240773064,2.8881616844036704,46.417303145272236,62.29880395368947,79.76165947986703,63.691285808197996,83.97391269466542
"Student 2091",64.97838150209954,69.56965439109243,11.939531376254935,83.80295473451254,35.56150470618984,10.449078895333203,13.228500759447023
"Student 2092",61.32218969756201,33.31523841981393,52.66336961575809,74.53102218448538,34.32839292596936,83.46459076493751,82.5032421385495
"Student 2093",51.062219432436564,52.784526532149265,32.9315225387642,60.223796627512414,19.69233667722915,95.31014370737051,16.13857988407921
"Student 2094",74.45712292040143,45.806002397682896,3.2035298726966803,72.47196761647969,50.49520848499933,41.30240286242545,0.6950258652428049
"Student 2095",98.00932085368042,18.342900431520707,33.35217949465024,5.2563323862425095,9.285307880393084,61.473919595996286,9.065749195320917
"Student 2096",78.18688947317955,26.91335777011648,69.75133524940057,65.75215091515962,85.92026570497238,55.29585939661773,68.86352702302784
"Student 2097",43.121842463431214,14.64483073348395,1.964296173232479,89.25995185320036,73.31418990290548,13.858731041568205,80.68260109572233
"Student 2098",80.30987620865793,96.06537006776492,78.25795761567785,87.70069831892023,28.098048902789152,36.69226113900985,39.192615851860964
"Student 2099",0.17081082750564067,33.15127305630076,13.794614817117603,76.34759165610795,35.055068972677134,71.7605249620506,80.77375655028342
"Student 2100",11.422321409834819,16.78961326930924,43.845476151381376,32.7532585319071,29.5005307617529,78.2303106908922,21.045587822629248
"Student 2101",40.137517597322734,18.282310331212003,76.31935677346749,85.26663907998005,37.62100542468966,36.381139066933365,86.3430289370491
"Student 2102",68.52494081518003,15.283056737519477,48.372295064525694,9.603747254423133,58.887067689764,66.18924317485971,89.89779176985118
"Student 2103",34.066245380252916,64.82276938595261,95.14103655425659,39.13265735893513,77.40869041135534,10.462656563145352,3.3890238174314766
"Student 2104",30.236422488211783,20.550268932703432,71.51883958590636,82.81571648935599,11.835030112880412,31.50560791027084,48.51903169353415
"Student 2105",85.80000271852002,42.30250145026009,63.40156047257596,18.67261901497428,83.95613448704721,5.34852439577919,17.146536196613987
"Student 2106",64.89943062587264,89.69811358280032,88.97357847992798,67.65160727559795,62.4608848342195,29.69547833932576,96.01911732386866
"Student 2107",9.262635748140548,95.9488827706064,74.68487181667459,85.36787953542719,15.123678096406914,62.871788571818875,40.226623351383125
"Student 2108",72.09449641464299,37.43461596580935,27.677222268046847,42.89768953610736,72.22039799399282,10.106403896387041,53.71326021542067
"Student 2109",27.863756969205966,45.12623840502929,63.60118708787371,35.57992621476384,73.15324312356731,44.34483091817562,80.5497115265108
"Student 2110",61.3975619763629,56.13268964836925,43.40303878490838,75.56857575791366,81.02385634607354,20.618640421958013,46.83005800130837
"Student 2111",59.72886463779449,57.17614752790522,51.32335376585303,95.89436805958238,36.4442731465718,31.58961179565633,14.328307515549996
"Student 2112",2.473434160375474,45.39998253697098,49.777679158324986,52.34007785719118,33.94341418185496,68.74693914496524,23.625617256586334
"Student 2113",7.719156111664968,21.01397705205158,18.67241880454664,39.72215864262863,67.86815182113415,20.713578119130073,73.28521322388448
"Student 2114",30.673805314974018,26.115036890108634,84.6774010462303,72.01053082091859,99.5544658868049,18.563657567521457,47.77397882462522
"Student 2115",62.50604818062708,25.027468570652374,26.469187052543358,10.254127658186015,75.65120674640222,27.325549529758447,76.49474180965599
"Student 2116",56.695906187992286,98.98662942193202,27.340755138713952,49.821411118290364,55.656902777952,38.01488340526497,70.47154137434838
"Student 2117",26.935480192016126,16.660627747133876,74.81935274381522,74.63447535383591,29.66917308145923,51.56037611113351,3.052832867388879
"Student 2118",39.41802271452762,43.87696767324024,26.75033010638785,17.665839869085943,98.50949127462054,94.40066300689722,91.87464477216949
"Student 2119",84.02060836945893,22.743534093816677,13.40181264090822,21.811280582728184,7.227856586187059,87.06147239456921,29.14482246151817
"Student 2120",66.00531121058441,86.51174645337039,48.64163954578684,55.17118096787163,89.13212024102945,94.07016999166923,96.69288923832873
"Student 2121",92.65126226323622,97.17233400898954,80.96238935456157,13.265589184302652,16.917218249280182,71.08357775295264,46.26721755805414
"Student 2122",70.018852310746,17.345157500395544,53.292854430462135,65.40522985755688,45.24455953551206,71.34315903178717,30.73311167304412
"Student 2123",65.60972407864459,73.53541342854896,14.507472939311478,3.832963830195149,23.79118804722697,8.381766009976703,45.898685497149955
"Student 2124",58.46803223629391,68.38412843860205,43.99164905182521,5.740772778809665,92.05718573934215,98.38676245616413,37.15694005404307
"Student 2125",93.45364679851569,61.86630524181085,56.03880133124237,82.17285444172508,88.64573479748867,18.601524161370854,11.81886217613162
"Student 2126",9.714775995220593,81.79264526786355,76.65245263661313,38.275223633425334,10.422450261409958,3.0099485058929942,38.85314823495817
"Student 2127",82.90597674238043,46.32137842996715,39.64867154029801,57.82865131114002,82.7351161719652,4.2605799567124985,43.6233134753931
"Student 2128",51.08073127627084,45.83783413427132,51.7532510102026,35.56259675279682,31.196021734414163,14.853497590133841,5.371932289505633
"Student 2129",37.121652127594146,24.90278384572255,0.7259117686175977,0.5457259676741506,55.00513924928138,7.355646553535104,33.38809110395019
"Student 2130",70.45250109490432,57.3764775332122,40.850447786125066,97.16653187514123,48.85678687991203,42.61279081412079,1.431506547282038
"Student 2131",95.24243063899395,7.47610491825297,37.9670075031217,70.49081860187044,25.107208750003917,24.920817819625,81.52608163259066
"Student 2132",69.3746958236092,98.16687846807979,50.22655352718471,5.298527370765759,90.54253695316483,83.14165386269504,63.17115985655107
"Student 2133",74.16873110558389,38.29365897480339,99.06990463530236,26.229970427062206,36.26684873708568,65.88970205834191,39.99982400777953
"Student 2134",83.89412072457074,79.09392114562253,13.318674185414093,84.69751789943231,92.66443717446529,39.426792171001104,3.485349511075754
"Student 2135",27.691240503123055,81.09868486504843,40.84383596119407,19.001614337220758,54.92562990451898,18.073790524071445,45.22543720896927
"Student 2136",70.20377550889359,77.68878656230794,87.71809244344315,41.189768458835395,50.65890294096359,41.53759195553006,29.57009743250908
"Student 2137",58.523572187640106,54.523974075275795,66.14171417154606,17.827973072132803,24.026242395822393,45.98516366912816,65.6440238659228
"Student 2138",2.4981126835631744,51.72761990172204,53.75264769457429,56.47960324796147,82.29312784445439,35.50148249850991,76.14192853996497
"Student 2139",67.28321185130102,64.52189574121124,29.92825714117691,95.91692451091039,55.949163816142,30.781816074098373,79.74369300674195
"Student 2140",12.731152843369173,25.624257332211492,3.8687228632195385,82.55460048397838,73.46481969745979,64.59417503460949,47.480306117036655
"Student 2141",99.14900999098047,48.72857688422322,92.18563432343483,1.5828696817408887,94.82770325234827,1.6472618411079414,44.37843647120453
"Student 2142",38.108445088456754,12.8811571465395,95.45303553881087,9.885594015585754,41.407148710885764,14.82702750000712,59.402208448326
"Student 2143",92.73431441369522,21.603674892835187,71.54820884639696,9.166845969287907,94.41441591619379,86.06272738435588,59.47724195188915
"Student 2144",82.91691886015774,69.96408504029222,69.15759683382679,5.860121680497991,11.516714672866394,27.19719600628742,22.73822162824016
"Student 2145",43.07867388626522,35.999298599010125,21.556970831923003,60.42659303345131,91.77299596934864,61.08182809467817,61.765594354901424
"Student 2146",26.005778048149704,47.256391489748246,24.69191449513728,85.23894616947732,54.1515639198451,13.091439063409696,9.38797969765373
"Student 2147",78.38180074545743,19.839317773064387,87.1027210427051,84.70792635899376,93.45769240426225,94.76874650276737,85.00101731899032
"Student 2148",86.98692777707137,63.50939938478552,17.753035816433012,26.78397565708508,71.53553326691815,63.29239661637976,83.3243264205753
"Student 2149",86.3817267152164,21.664511211066642,96.6789313781928,15.326094253348653,44.60561675523941,96.83268493308366,49.55570248729864
"Student 2150",35.69826838165868,51.41237351395331,72.29888450013297,17.064281050444038,31.88471697980474,96.53114926439477,39.46910185083189
"Student 2151",52.86355376807328,19.68717015035093,6.333269264473172,95.86601549601717,31.01374176230124,25.464523313091377,36.478070134609254
"Student 2152",33.05920305834839,34.12607254494343,7.647022814666539,16.141661227718952,21.664844911116496,44.53886885118352,55.639244608188875
"Student 2153",95.74586688497281,73.96951323640589,61.43962235528906,71.57514277666954,58.01451083272712,63.112440639364905,99.8727753398183
"Student 2154",81.34738909851485,12.178193178096924,90.51773441082811,31.981794100687544,60.60627357034082,80.17119596206224,69.04448296541202
"Student 2155",49.824465999730016,43.05075417982103,54.85876359765868,65.51413187795565,63.88505714386056,42.54989518083883,69.86176207246609
"Student 2156",82.50103503263308,71.78419434828382,21.769946329965695,51.54292145580881,44.894056387047726,20.718714449255103,51.45760450858984
"Student 2157",82.39761840460649,36.30615586484083,95.53665304000616,32.61121082506335,81.77245879101449,65.26910315699931,9.636118209641932
"Student 2158",43.06375616290466,91.74728519775528,57.70200914067155,33.105305875603705,56.46841446762505,53.26944984086593,65.45090462948218
"Student 2159",74.84072441654021,79.34395975127394,64.74088956917144,77.9206330545911,81.25343374550047,6.781617784719963,42.7329000189599
"Student 2160",5.472347162004474,94.42769308966663,76.83676777601761,59.78647370022927,65.80806182388831,93.8781324787643,49.7048622734441
"Student 2161",83.3559774415176,57.489745178649756,68.92063958452663,83.35148852634248,58.69592042097798,82.87329320982842,33.078157286403595
"Student 2162",93.880807490942,66.79670697761762,60.43320844788889,34.592381394701924,27.26648506998533,9.055776763266659,63.20509279930599
"Student 2163",21.149132413826656,45.889283813458185,69.96667588278984,79.38189952030078,3.5486038092317935,8.904527137770218,66.90744041118322
"Student 2164",35.77814098100324,47.12201287926889,19.50867212277304,36.39950895616154,5.865554833167582,6.2253583103510435,87.175330129523
"Student 2165",96.93288597905139,37.84826169897785,55.147566978482864,47.572989719498764,18.427093272051568,11.573798646752701,33.93487345986046
"Student 2166",5.808734501691222,97.99168206538292,93.60915524725736,38.47936178729604,77.90307307956589,93.53702601888713,21.45315700273813
"Student 2167",23.378253554627655,36.553613992099095,96.34763530412692,10.75176337977025,79.99982805669208,42.31287743061085,4.877551736520813
"Student 2168",39.9555680082989,39.72189975959264,62.10855887620122,81.04592221838195,82.45318009281365,70.80015659119418,69.40104941122075
"Student 2169",15.4773207872143,38.94214710305353,90.88138660334744,42.798001159813246,6.2571523445870945,75.6269250237753,38.94545673276286
"Student 2170",76.31418056615468,75.46876947787901,71.92810540467941,7.760817293497565,72.5617319858901,20.50059012655319,39.04083110488053
"Student 2171",62.848153484633926,90.3250607393094,40.94480130389322,10.00102715212132,47.0367355969141,56.62628942483161,88.08491124744316
"Student 2172",24.3275895546757,78.18108398420908,60.04426698307886,28.675593534975725,69.75926724922216,86.61759244717729,77.11575358174566
"Student 2173",30.29781357174356,52.2232187246265,9.633995591833315,89.27586072094468,59.029796670755985,90.46753709508297,0.38677694643717014
"Student 2174",13.958118019615807,52.230496564121644,65.74927703764556,98.33578832104408,7.301373663647704,74.79007136232477,66.0700644428159
"Student 2175",50.43278078279116,95.96078648493577,2.155617898854656,4.102540961300676,88.46209830176095,68.2589477904833,94.21954099530481
"Student 2176",17.35120139413951,92.47631542012529,4.203154102580827,71.20008430650054,1.4806880618892106,91.11750995087425,55.24511224803646
"Student 2177",56.09161028552828,68.78811983505803,41.97203957947303,60.7976925504278,96.90308411266373,44.9671592271898,92.65919885235456
"Student 2178",45.71522751716891,59.917366553939914,43.70133799866385,38.9119204810536,29.835482616388497,87.8857505001873,51.36808268756503
"Student 2179",2.69261911704125,3.6634096870299637,93.87637467917475,64.93197292890393,30.87793375592314,23.161852987955843,96.36874229458716
"Student 2180",96.4359343270432,54.74552239514164,47.06628712654232,91.92864862583282,52.23043284560532,43.89700817985519,35.88069870064909
"Student 2181",7.583257042323058,75.34621757459855,89.10805368656294,25.64592192323831,0.950173431670873,57.182973510570065,58.38043777815083
"Student 2182",16.774140334151895,73.52687020696482,90.84536280142343,73.28849139670304,24.18676726707308,5.4769911608437924,12.746921449996629
"Student 2183",55.31017804265005,98.20394515111691,59.704878202066766,69.86646962108806,2.144268379307867,25.67218427043427,49.34706556480936
"Student 2184",8.324161868042808,42.42230912166474,22.4989499060165,80.97656803669673,64.04650089084221,41.81846431183776,34.53613570220372
"Student 2185",15.715106256842951,83.60281001213036,59.71397995279758,17.679269497267512,31.012135914777485,96.42403252727713,18.7001856265595
"Student 2186",19.42426210435959,40.09869111767671,3.6959298987334632,30.40927718948706,97.13697312195261,99.11955104232784,93.92995430327072
"Student 2187",35.61895461302546,69.56737928977621,92.58562613554903,30.596214838971214,22.064361285539544,97.06872864249316,14.376852884143648
"Student 2188",1.641855581616991,24.202733991157004,16.81442281501782,1.7663486408599771,86.44043034846443,99.40292630487745,51.70658462646536
"Student 2189",24.712566447678647,55.38286359121839,48.17975205521098,75.92407158626972,57.46395771902011,74.98052869748786,59.999550689169844
"Student 2190",89.71808675527346,89.09727841560516,49.545617168984954,82.17500335711652,27.98474489529389,83.04874261927576,26.113081125900457
"Student 2191",15.018460595109218,92.07232344727313,34.42638626791641,12.593203289280453,21.82066722996633,37.3327771146001,60.90809049118459
"Student 2192",52.981788552154086,9.370853878866885,1.6668505112380834,1.4213022987975639,77.16083735519858,52.86684587848776,19.147327676479485
"Student 2193",20.143830295359596,31.782274685613732,86.21180347120678,37.666111453212,41.11250351914492,6.220642095613121,24.038030948295887
"Student 2194",68.40784667229771,97.08685518148326,24.17883880091994,76.0932458518274,81.91317219766516,0.7334691143789901,38.63696423313096
"Student 2195",90.25888408708856,32.27401120696935,39.009176177593766,97.58264687749315,34.514934217804,2.6201503171581133,12.272635560582303
"Student 2196",60.70647433818576,40.834516925305735,36.13200637822985,28.113987260429134,16.38948679017802,56.983281571982744,79.03899202222047
"Student 2197",64.04948920201699,25.127191062642346,63.90170172381093,95.16512666436479,43.29754173171414,86.29710367976567,15.912257963741808
"Student 2198",64.79255199471912,8.337862875965987,48.84484589062155,5.16829526549968,41.905319841893174,66.08123681901226,25.98190949087545
"Student 2199",25.098578301035417,81.54605183264079,30.22852668716483,58.57193204733115,24.937203444637454,29.10734622041613,17.876636468823882
"Student 2200",41.325798783129905,60.60293028410102,17.48994463501197,87.78344584050555,47.57052670895827,64.89230729290075,18.57293709675826
"Student 2201",70.67524374310251,13.063280396940828,96.1915245914019,2.9876662655669373,11.23551488604706,41.81649617952804,38.620348358312505
"Student 2202",16.73335329959454,8.76383786025514,16.316411368511964,50.48312791740517,6.9173640094740225,5.659193792996028,94.69609008394369
"Student 2203",43.66889978324005,6.003196934840594,76.47008104364323,44.076766148542404,17.141253267814076,83.17071054319248,31.457902527960147
"Student 2204",46.93353436826216,91.21161411908774,16.08527243801635,27.02759607554715,37.17273593544973,26.638250820712077,35.53025341778919
"Student 2205",41.76292186878806,40.59329492668329,10.634590226006951,76.56405463379191,97.26940886285283,36.90762476605899,61.79175060896866
"Student 2206",97.53140537327646,88.46236047830784,89.02385527987768,86.68084622322634,57.803456147689516,30.825643472878316,55.376303026262676
"Student 2207",46.99270843718676,90.4520668337671,23.159463076909358,62.44076471262638,87.7555653240675,93.7340201738237,86.75340812900396
"Student 2208",5.189646792624303,16.243772094269275,27.91568148941298,94.407933928361,89.99389403403445,72.89801874069536,10.609933070641581
"Student 2209",17.0187082249802,19.788289080150275,70.15404233810753,74.2273269329564,31.249620353113116,38.757140459144615,38.27460536224848
"Student 2210",32.1340966242961,34.88279400176421,32.75294081507785,13.185086493944437,86.12393842014122,93.74305236558995,0.811412661650361
"Student 2211",44.01788241779352,60.64595786478273,28.118231248532478,62.53106620419948,5.886414182986019,94.81784291994416,83.85491752145604
"Student 2212",47.45801025479792,71.73383954325149,82.31351197567007,3.94605691029371,79.40402725782877,40.51641552554537,61.99513942145429
"Student 2213",31.339242846556342,16.49465028227574,49.39893430477268,95.90013670914175,14.44842039889081,80.44983375000268,23.980774618075955
"Student 2214",57.477321783835066,97.1444579785871,96.67376894811792,62.759093477111406,5.894163828129908,87.32072200436525,3.972739282038301
"Student 2215",64.5610297549924,83.12985352672709,49.15559994988697,30.805901184003005,39.456925391114545,11.810242125993629,5.740109992263219
"Student 2216",21.01493809123638,13.774247453227172,61.77245373978689,97.17972662191174,83.72841611629983,76.60549308797796,76.52491059182366
"Student 2217",35.162981933410244,30.031137120619782,53.15766451074021,90.60149824128989,98.46007922930254,10.459015560980909,34.87023619836601
"Student 2218",77.88840985029762,48.512925570465875,57.51190895763622,88.18222642553674,57.205996198672516,55.40499786151059,76.5305504852534
"Student 2219",59.48373157675073,38.84452611239731,26.668350217985687,64.15072815189123,37.27164623518832,37.473220058641026,71.17538383357117
"Student 2220",91.58441352206901,26.819704551718456,71.08723349885403,20.233091912749707,84.81289567395962,77.68406910168409,51.645858340511495
"Student 2221",45.946503816124725,83.06228925793795,88.10591831206263,58.48127494340947,25.06354450232503,38.061088660068485,83.12256437780857
"Student 2222",74.16572736030932,52.33314131284297,70.43813034299833,40.91908430807033,43.68230898797339,94.10048056284543,87.42388313216435
"Student 2223",58.56859361657217,54.249343670407804,25.81341169468257,32.23864284040548,65.08682037704084,30.39122511554097,89.8041665957123
"Student 2224",18.255469066260265,84.33876619750025,59.42267375829139,51.46094272851892,11.914838200510795,11.404201430376473,37.3482048886768
"Student 2225",58.11723881539732,64.42264522199335,54.608049971440586,90.73315009150433,31.3878659861486,35.28680546473856,56.3520025209207
"Student 2226",2.7504869463346417,1.2452688140732282,0.25963018258172155,12.34520841224403,34.07361080529846,40.342115014827925,63.53563388505976
"Student 2227",71.28928154321801,96.88791243672192,90.40484071315801,6.355053016204606,60.49514655299024,71.6389224723972,14.925908453252685
"Student 2228",23.191636539472448,32.073882528891026,15.801022535747824,41.89879532360886,92.37342038207797,20.694511473452398,97.69811455421666
"Student 2229",20.738552812195916,73.36618070658658,39.17548492271069,38.8271792135758,17.526111171640707,8.74755134039849,44.67553839046976
"Student 2230",47.57632145027778,81.12682935245972,78.10738916817967,75.92455033300607,77.64017090815443,61.15718496954584,39.105964428375536
"Student 2231",78.40015667513971,6.762178703510798,91.54237396633587,2.4552822039228444,83.70161902138584,95.72503128013898,4.5062815962619025
"Student 2232",94.72642581399091,24.465512241055244,20.276314225004903,17.729896220189463,66.53125350848926,68.73857074904558,14.502654191730613
"Student 2233",8.451492688005741,72.6533013204735,70.1412784863378,33.05329451304495,70.97613122045489,71.64865392797725,88.90133233641421
"Student 2234",84.25223556076813,29.980431962216898,94.79924869113675,7.558194235830551,18.532995079907803,74.81267059373124,67.14758702777645
"Student 2235",95.81291625268334,85.63935284968281,26.134213689741593,1.6228206657856261,34.44821024642384,59.73289196056961,29.04981840257091
"Student 2236",55.13315454113443,25.16394966645099,92.74397664138766,45.84098278358128,37.61969891629122,90.0958381434242,56.14075110679614
"Student 2237",59.452821759142395,80.07446678228855,83.63791448938703,22.083586936864542,24.87104795770689,91.04334857031915,73.32519682519802
"Student 2238",10.856381476271086,80.32551242345369,34.631372254391366,68.38451788173586,84.40785829281788,1.3366478028410784,74.27919498254441
"Student 2239",55.72859229031619,14.947679329643817,9.87121254997304,76.67820865899382,19.07248555118402,44.63813606356191,67.11042512969757
"Student 2240",74.29000239645667,45.228617076554585,2.8787301475989824,55.681743914987095,73.6440132052466,0.7387981942929193,92.2015530242484
"Student 2241",62.188415209278205,7.3246366584585525,66.58478282382795,50.43479677059581,98.4810309811094,83.50400533642998,1.1178838433995686
"Student 2242",56.20065980981068,90.77992426985402,1.1218229617997024,95.6366820484893,62.221877252004155,74.77972950940439,44.650939048150626
"Student 2243",26.271899300240044,53.45797591005371,54.04088068478251,85.2278793132236,81.03392480296375,18.440066043567573,94.83210265410072
"Student 2244",87.73085984801497,32.331773448870415,19.278165034997773,1.6740997505820847,32.64952809856386,25.715891321827574,26.434999349104643
"Student 2245",53.64866955561389,3.6419743806015266,52.30899747654153,63.04770133970028,59.183538566203794,4.423261704010952,48.1992465310262
"Student 2246",46.92328789475149,30.71108778548295,3.496278346016219,9.57943526421782,56.635101094652065,33.34424237990724,45.664869609731
"Student 2247",60.23733114420639,26.037635592652148,3.2307176214789743,1.6491170722437725,82.6367890926618,10.804342089321704,22.69388180972948
"Student 2248",93.59957492343176,84.90636152443969,96.2052083461696,58.51714103465107,25.050043918309683,93.32904344244865,77.18243338420126
"Student 2249",71.85403384283117,25.5987758922456,55.44098840525449,66.73707714180138,37.06429923905402,27.847324324679107,42.720685412095655
"Student 2250",18.698830838390773,36.33346147843013,98.4213444319161,81.28557091826681,48.95366150491661,65.39402360620844,32.60196966807506
"Student 2251",4.509915224691018,68.89669463800205,13.27212551026311,76.02118642669288,10.287379943150102,9.435655099049429,10.370065986404192
"Student 2252",36.01772587563933,70.74194338885553,84.4777692648194,35.92029069338161,51.89727129038081,82.21491275283582,38.88274733978624
"Student 2253",16.538881050025083,31.64254604283101,98.10182136991604,26.42587122920646,50.7815688283369,57.16620468182132,33.25105878594104
"Student 2254",67.01303490558259,44.11752622315539,80.92749454403014,50.364219650941855,16.38224905223468,52.83587016598118,39.10654632848812
"Student 2255",3.0608428531685505,54.234514238276354,20.378055501305116,81.0866519458046,14.019346218545698,8.65915232669099,31.981641315550814
"Student 2256",40.44072554917308,13.192734563315586,43.396375807945,6.445530617250042,94.9084302559686,64.60091969344859,28.67001408206865
"Student 2257",67.67476811157444,42.15156233098693,46.955565212165126,2.414252514640552,9.015634622347903,22.21481518430194,56.30076773142116
"Student 2258",57.255020654003395,0.6053176701185888,52.931350788226304,69.49988189616559,74.39529273089069,14.323721838792135,89.21288202539435
"Student 2259",13.107586219193749,6.132759970245779,57.54317167470757,42.07819674647911,22.128508371741606,76.79499514648465,75.99691571230493
"Student 2260",70.95909006162604,96.89772288499334,84.17043385475819,45.55445525375691,67.41305866826673,7.172685838117706,42.305217092540026
"Student 2261",92.01869989193115,60.64367031022848,93.31716191939996,32.505841431604864,48.56993160009092,97.70049549598846,3.175669420467575
"Student 2262",90.18160950949536,46.59678100589594,66.7676666201048,38.48709025091412,92.74814306268985,72.51577760826996,23.63108094708646
"Student 2263",97.86808341504609,9.091859621796457,41.83657329977039,86.84366397963433,41.284725021319694,50.407164624338485,74.73040621750432
"Student 2264",33.02097148956202,92.70892761190733,76.39768837994183,67.29595198920934,12.495361312385363,29.51845888235793,59.103867235011734
"Student 2265",9.549464774943244,25.888179603215168,50.29343573167107,1.8369579184471858,58.89879377647108,20.29925909543738,43.173308317653195
"Student 2266",5.554926570914287,63.74478554203934,34.717865467179934,27.748274154343505,87.11998282574041,60.66193622244087,45.818423833205564
"Student 2267",62.285478107314596,91.45055770989674,63.94365087391293,95.00440685364076,34.86562477776478,96.14302921948972,27.83344109115774
"Student 2268",72.15549869891916,9.391840809761783,62.39015368807935,93.55273718262617,10.718068782853406,96.80379336673883,89.81155151922847
"Student 2269",81.04735026043194,60.56934822985731,68.45998445974548,27.280733238613976,11.430194164419552,20.222906326992995,32.83073379827057
"Student 2270",24.016438053339552,68.51824321446506,23.722216040083005,78.79850418362534,90.52905885806828,68.59587930796866,53.26583258435734
"Student 2271",29.214819944046415,78.05450327625785,86.75073858354493,18.331384714274513,41.12638499569956,43.303922116999146,60.7252828091666
"Student 2272",36.51811828288341,64.52793343609332,79.25430665126837,11.744804195652595,99.09918216506847,32.122220621270024,52.804067228376475
"Student 2273",36.71307969323006,98.34025947241312,69.81854129020745,77.05370959788195,24.208950299493885,5.034470756979351,53.68734235137237
"Student 2274",30.766320828764428,56.68802982361709,32.99917736584425,30.488742507647217,17.50835527430663,25.22560465610554,40.01617215074176
"Student 2275",25.564957446783147,97.92220807468036,50.52165045991226,14.370643095499904,10.912016608202489,69.21256999959233,74.66628702396635
"Student 2276",80.19628905506723,0.5225882406111059,78.19810008343107,96.83310665528188,41.389941735961315,88.03418215615841,99.81474189522285
"Student 2277",36.6335170496645,57.65003587368298,63.70203900273168,33.34252586028201,43.9066981553666,11.759711402685964,96.21846176714118
"Student 2278",34.385894980908404,60.67204449779729,75.22865689677113,88.26602101092249,19.559134375242753,85.5593615127068,8.581442742285182
"Student 2279",98.4682124149405,58.823425606196686,48.933021150339954,91.3128330641137,70.99921776812258,62.13787699372214,83.78565978749826
"Student 2280",10.059565642822962,32.372488950518544,57.007685680112616,75.16775813457878,28.997815690725602,6.4495978287853255,51.19917452558836
"Student 2281",69.6563465759916,85.50579014129255,94.11010104522465,77.32032812247054,31.78252856544914,85.37845921197884,43.55516839065902
"Student 2282",91.08991379662254,12.273126659042369,90.76280306274354,55.798697371739706,51.05132229750692,35.51159219967502,38.98468211796016
"Student 2283",62.413180383284875,35.19088102782636,6.750210894061887,16.047589285684015,9.60617564501928,64.44920018703998,98.08671671810163
"Student 2284",36.61739844489746,4.4993442589241885,15.279186099996961,8.773650088550518,52.168520418371266,43.74554647413559,74.06454869462462
"Student 2285",0.9694838854402459,60.99369714716097,65.11243430286477,5.5321739874214195,56.348312748975374,52.375213088043225,55.954494954312786
"Student 2286",5.835643632256696,59.477448049368064,50.98204501782849,85.53424318901148,46.91229958396669,34.46939043523143,9.118342872350272
"Student 2287",41.017337794156674,27.974400493069655,49.48736391607741,23.045181536903666,21.391601847337764,77.88416865887488,30.243038252121046
"Student 2288",65.38154961244518,89.69846734682706,73.79572191692606,36.52669555050427,91.11285701507813,59.438890582708346,3.2004262008471374
"Student 2289",96.49727263146909,99.28943648811256,20.54939589044502,25.872754347569106,79.40679121442146,23.869096312511587,89.64942833058728
"Student 2290",64.70087722890477,59.20639299324557,91.44883770037151,7.03941790857111,16.557379168620116,66.25790229847583,84.69464814658699
"Student 2291",21.41977492266646,60.89751919781652,25.958550980634275,82.58242480498659,2.698162761931586,34.984879146418926,93.31454617697194
"Student 2292",87.72118460598851,88.75378736179518,82.29557913657672,61.257169340260816,50.881882654019165,31.718841891528847,8.607687725355758
"Student 2293",19.90307313603486,67.72625956234519,39.281160793738415,75.83211257280719,86.03090706352583,61.73604471860524,5.264663348118517
"Student 2294",10.214666123676224,53.70565593307737,36.11549522297419,30.837161429502963,32.79914530103468,4.149367813761167,61.21218340582226
"Student 2295",90.7612614292729,25.991340335685575,35.15402447644918,84.47287133299419,45.06573423336323,1.6705118648163912,94.10952985852015
"Student 2296",64.05802739937799,63.06399479094554,66.84241672147198,29.108943816498677,5.73713325140875,18.918060129537032,29.35560501597317
"Student 2297",41.99700128581419,94.83586409509692,82.69267716083874,5.363092513462346,31.12935684485869,53.04579318793494,84.059228684739
"Student 2298",27.60637457544823,27.055481712704182,28.601205910121724,70.01596998941658,50.1596228604449,89.4345522274787,12.606912391286789
"Student 2299",30.820552048615742,38.20862953786402,94.79278585133802,32.89761427197352,79.27691544943433,4.733360234266479,70.08659903652004
"Student 2300",80.68298765211162,25.062809363687556,43.58747288554659,84.15157536633835,83.77383846189133,23.586127325189434,33.85570155964376
"Student 2301",27.979183600900736,33.500715689575586,44.0686231860752,74.2809804841312,41.958322897909476,59.87571993085401,99.2981477695772
"Student 2302",25.104862478233287,40.80744675838117,62.07189610454077,20.87537613962708,46.12647198744423,79.86663976694558,74.00830942811963
"Student 2303",12.888984032451347,76.65520179742406,73.58599123130783,51.439752588695356,87.73471040797799,76.30745740257433,22.513417605933494
"Student 2304",33.77791910974791,78.83896346665476,51.38640535918162,73.16508666926825,91.68955422193854,85.6287783022315,91.54344641351818
"Student 2305",4.7080942285280125,3.2247671174134616,45.911596275211096,46.2310505712015,66.70874164691263,56.34529101553968,51.057535608256764
"Student 2306",40.926755307258205,82.84032615615007,37.1831993819488,69.58316215988198,78.40876953465644,56.23833027288011,80.9163506919178
"Student 2307",27.7907230091056,56.17819329333232,21.81808989730452,0.21554006392653238,18.28544127249986,74.30576682636112,12.150467760207905
"Student 2308",1.638209359490667,55.969373261057086,1.0441997576819808,18.724602801005965,47.95615070961459,10.535180827626743,47.667427510351246
"Student 2309",68.10764547287337,31.84560796926867,72.32873608648393,64.71235455946828,59.74864606994256,31.082817611308734,52.61034574421224
"Student 2310",22.75830988459808,78.82149511132049,70.32863190841653,34.033973284536145,93.36123986723781,90.03967372003024,45.25026005977485
"Student 2311",1.5932319773425236,66.05238669918626,91.5414296369658,88.16658152343216,75.21980783826648,93.39741281119835,75.6297257735361
"Student 2312",15.800319082037431,7.776407346432822,20.50431612842405,3.9933276941387277,21.655075572507396,81.50024260072848,82.8260524510127
"Student 2313",15.24936807790416,69.617832654984,93.91689547712993,26.69130029854304,57.23960448993911,26.93089384120575,33.314701427008586
"Student 2314",8.25643764873978,54.801938878431436,35.78809353293012,51.980808979098605,19.105957593091734,29.100702708165056,40.41535937488837
"Student 2315",4.847018545681588,30.300148092270117,13.48040186716025,0.26592389123073334,18.720952774263143,44.2287642440038,81.28405021844598
"Student 2316",69.60318264033123,4.371752184347036,28.295842467144222,93.71355530374757,15.787455682153936,79.23739402380963,36.97160041207447
"Student 2317",12.327063031962005,84.89845605681822,92.68237730800007,62.88229215328441,41.52754934654431,41.56239284927145,57.65240850276216
"Student 2318",46.26667412482607,55.558215316044645,52.143425425529735,71.75693594296645,61.51243740018756,88.43393842316807,31.56085117226091
"Student 2319",5.563158518579035,89.46246236546497,33.9695403024853,58.13839992139906,1.305303733948246,18.033187992703663,7.6624094033350705
"Student 2320",24.706761088890687,63.71649814500866,79.2618561118141,27.283102109850223,89.09489621815155,92.89169332531777,40.27956947882281
"Student 2321",86.67306366464142,46.2197947726546,9.991193300748783,73.75387498465051,60.95652412057473,45.063500177889324,62.211476565786995
"Student 2322",63.02121158084981,21.224681760082344,48.97228197564751,13.066975400369252,71.67029312853111,20.6940526911195,80.45982345078184
"Student 2323",18.99008707368437,82.44351196994806,46.986215009624054,50.90372759715631,70.9086583857792,50.85884917094066,12.926060729637424
"Student 2324",85.11358997989073,46.54245581252687,38.569342915501956,33.19468391811575,76.60934833836563,42.208460249142874,88.60109004104483
"Student 2325",48.23418146101586,10.027812155583584,85.16592335054156,85.20684015820595,75.50926310833023,37.806170577331415,53.442459450557
"Student 2326",83.15568328554158,92.39430731547913,40.46062586294254,99.28734142757558,63.55107657067541,23.227594944591765,82.68470002193459
"Student 2327",41.73848754365593,15.408758095393546,65.87587121778523,74.6957955470477,93.46766565244091,45.89304004853391,12.165934757642022
"Student 2328",33.46972834966396,2.650269878140828,74.30003870129859,71.89910747718528,64.02487215997496,9.011671979298658,90.97812238252163
"Student 2329",67.0292546224957,13.958063381042999,15.554574557356712,91.53992544315058,88.01329999783188,43.630021700324654,65.61080239127047
"Student 2330",24.045269535541657,45.7294713288885,80.49594276405006,22.059745888792726,72.16125106991313,4.903391904269032,69.94118926343663
"Student 2331",50.51393695785607,69.5413055162033,74.56926556451664,34.85365888791139,83.16071634683777,56.22737434027224,83.90151044929318
"Student 2332",36.525383704713136,99.85980105449265,96.27914985558053,96.80060113753471,96.01460522704227,97.56886317683137,65.62831108209714
"Student 2333",88.71434743671948,74.83007238919346,35.44193921780883,53.82529215159294,18.31858422319752,23.655928860760973,93.8198548510943
"Student 2334",90.85067282322287,62.2203024952338,66.12704112621572,19.859628909277514,56.100247507605495,41.764245236577054,53.33646255895975
"Student 2335",20.054696105895523,44.64855786003919,78.05750905196648,50.7613017977016,78.81001164930585,77.57668536018151,90.10033814315065
"Student 2336",97.0617464941099,95.59371291425201,83.15566622972483,30.49600431673446,73.54214854686825,74.81783358784591,46.47132234693026
"Student 2337",42.17281392783864,71.307603272798,51.311633728293394,85.48219453028847,0.5713370892529596,82.62594015689717,30.484679779840246
"Student 2338",71.69415953150049,2.2962100873050417,24.36524878791214,7.716727662040909,23.292485775494942,32.63399873533382,32.02309771010618
"Student 2339",26.739407595084185,67.13996146268185,2.010710398558003,65.26591176418603,92.31187794491413,37.12809740605734,41.36954206717122
"Student 2340",47.68668199300406,34.127910881645896,41.675608147837394,62.15181309853579,52.24103401272797,57.164517461147035,96.10764281373635
"Student 2341",76.2684584549043,3.922350678176528,32.79317097844556,84.98837925757664,53.457364133648724,11.943922888009963,46.55285782183414
"Student 2342",87.51428798822113,19.897867643556054,2.3315720886828895,5.173430116397649,68.38341511565423,57.6969961406497,86.28057320093927
"Student 2343",2.6806371879802424,47.17515978090625,16.898996789192612,41.97043406121271,3.8719690239645335,32.72088573957826,87.91603955639961
"Student 2344",90.45141042275002,75.3634956619955,46.92532307460584,96.61671001984121,28.86388883187608,38.95175411018136,8.662256700585653
"Student 2345",86.38314423993921,10.265362537414749,77.48611791768673,38.00052113881616,16.288110770366522,86.7265167855293,15.57513018309478
"Student 2346",69.53690383119543,25.33998172637481,17.55221577917147,3.30250009548835,47.36574350181184,82.79375482121135,59.67632794716488
"Student 2347",44.386056088066255,15.599073488046294,37.59184968718106,33.305900372556906,95.89580645687623,58.00323268986237,4.394253358878126
"Student 2348",9.932807368359404,4.2822434577982325,74.22448754283812,49.94588671865438,6.314352145580228,56.217920869617046,71.89591136216714
"Student 2349",56.97703857156271,35.41655532322769,65.94004502570625,53.64683650846401,75.95088164808371,75.9356691296997,71.08005345815933
"Student 2350",37.807356032417054,81.44921640602183,57.91358848589988,0.08737416802754064,12.880847932468829,98.94569468733516,43.962705235167356
"Student 2351",15.835647714174458,15.582542460903806,74.35832787792478,72.97200291450456,40.07916341434287,56.60372543642108,49.24216193538931
"Student 2352",25.050344443743423,91.78349111476646,95.77927812001494,63.41704646331364,83.51512741518931,41.486079448938376,62.193310526290055
"Student 2353",86.20378285872894,22.78499581516014,27.210562217181007,50.877278843990624,32.15023795157369,97.8328668033706,9.77740162536098
"Student 2354",81.69024174142515,81.78396315666711,37.008382987207646,63.83775299881063,88.14079312134564,41.68868652990853,54.01375539046425
"Student 2355",24.569891852486492,41.56077417256415,19.39577669056421,21.74988274605765,27.097265647648765,42.01080142622789,22.996284038333854
"Student 2356",72.40814677604838,81.36332800144562,96.83850349416755,76.59808013553089,33.222594744533666,35.65941800041508,12.05374801863089
"Student 2357",73.26918521859908,23.671519442548828,19.17686876006167,29.776788846633856,22.767772109056455,8.645337071657991,99.58969628085431
"Student 2358",97.68225997785481,81.85417874584773,73.80483645823426,24.622404834700458,67.57738580179836,45.51714767750714,16.284551614828462
"Student 2359",76.8272912330848,88.2483085641117,3.8682726864055494,40.47202980887627,29.300926843081516,54.11296455451249,10.964484773440345
"Student 2360",15.761572160614485,60.12822159873939,31.121981483797484,15.94309902678929,49.26595125730907,39.62839358541735,79.92274121419219
"Student 2361",42.22684703093714,18.71133505085839,98.62627523096185,99.55296575570979,17.280443657500378,46.225606392480536,7.73222296102623
"Student 2362",54.67402139685079,66.66636950995706,27.90333806725241,86.7859041575631,82.4359637209936,74.11400193295502,61.736789805251604
"Student 2363",29.88362857191043,98.54433132447107,51.4474349771241,38.293520247974364,78.39130806807644,50.05115009947354,9.595888810424121
"Student 2364",58.718304573296756,94.05350151271983,73.27502883728981,69.69305542896186,84.15524721202398,8.875894960269408,47.76493058078985
"Student 2365",37.97076977382872,18.073950074734437,99.0793112161927,99.36722214774387,93.59712220171247,82.94532352044698,18.81958164689703
"Student 2366",41.799729113811765,74.28443094733004,45.36663250431543,13.08630195624882,7.914529032255717,1.8027328446350015,78.2006898814537
"Student 2367",84.14423305932223,97.16817995512834,48.513064227122904,65.95816348549175,53.0141196163322,43.268540192884444,43.51522369217683
"Student 2368",19.35366826662467,50.01943353035373,16.185779393825232,31.413533022009204,9.457937270319833,48.54748423912218,61.394170471853336
"Student 2369",6.285563367812079,67.48114603621157,3.235251114784024,6.957091461177598,89.29111640202798,33.84305415252544,93.80271702201188
"Student 2370",3.003016077369521,52.262973859381454,80.627974698538,60.93435165557012,97.44606854965824,98.64462155515358,11.79899887951569
"Student 2371",90.44768299578487,88.71216863783025,13.633033399163367,61.003794531317524,76.31201112620072,83.55277463033106,60.7923274590003
"Student 2372",41.89991850432178,78.99734846160874,46.40275083142023,51.103785718193215,90.08111530904937,23.755246824964594,0.8724137403285755
"Student 2373",85.74327789405022,0.29831854165657445,60.99705133548908,83.89932722072031,88.1445975991465,70.9486655633627,92.19159068762184
"Student 2374",68.90093620269923,37.05358772523502,90.18245094019592,56.57335582133493,53.03868329109387,38.301543601050874,12.336129465349808
"Student 2375",27.234099712555555,23.422976193248346,70.22981923369665,65.6801853426505,55.352284533968856,45.725107388191496,77.42469193082242
"Student 2376",69.80834819664497,4.662885086675888,88.73443069423192,44.448577621894984,59.47652858803797,35.03635285135558,30.564817542888978
"Student 2377",64.26938143078311,8.616545442155857,80.40790029636136,73.01830347421205,96.76282315803807,94.98231806753368,61.21865093914975
"Student 2378",19.311011979323656,76.45736014758326,89.96576046706925,86.90802898047755,61.97323062893732,1.326931503913798,11.045306839177718
"Student 2379",5.519267743642084,28.370582780080717,52.91517489888783,12.888818620970904,2.096936361764427,93.6660485999372,22.41797402902265
"Student 2380",11.069806510853722,68.93907593510515,19.23005410531022,56.3898646982511,37.80094936067887,72.45951044077769,86.30803673937473
"Student 2381",33.576481553330915,97.46004338942502,89.23072287221271,97.98548496528413,1.9229613607325977,54.99136813242571,84.68779557106751
"Student 2382",11.680067109262946,72.75356377874968,86.78010996246425,49.664898061726234,29.131298941545996,31.23160958976493,10.134310778891725
"Student 2383",89.92960540623872,3.130294701887537,68.81849291134725,10.351121968443687,22.83450900585085,1.9102427317086002,50.113237750779064
"Student 2384",39.2250522192144,66.29620041207556,28.019799335380245,33.00626210110871,6.7587004771946315,72.0004477809774,74.60585643678766
"Student 2385",48.21410429784621,40.17788289547095,63.77763436451595,36.436200761277576,97.37744430899453,71.54433359110288,33.32752708760043
"Student 2386",14.242636990944918,67.28665751458783,42.15711420429626,23.724981606914383,27.845098592222943,61.805710861371296,70.89383991160967
"Student 2387",54.8164984602455,55.58056750090442,92.30873949071426,55.85210182149159,72.05510363446847,1.4893942991757911,25.811997354373688
"Student 2388",98.4017226745062,85.41213271303275,38.84380538630115,35.60785859462707,67.31277472397677,97.18228840208415,21.797057772205893
"Student 2389",98.19341105226727,59.75060132049958,68.25084762700196,99.56444463844605,45.344111915116855,67.15943978896121,96.10792251259896
"Student 2390",90.98307295203875,98.89074478023649,50.2162931146123,93.34633456397248,9.159387099148715,35.29581142997236,67.53237364381344
"Student 2391",1.010585345536459,93.45443710347516,92.77604040377534,28.7611403256686,93.91767852527482,45.37036470242038,57.92980725438305
"Student 2392",81.65852553380846,7.010983642653647,81.80577212323644,39.622846662976926,10.409128023690863,94.59732752997388,4.404713484044527
"Student 2393",59.48728764041861,59.47192413499608,32.16656590645267,47.27874403383845,82.52284004150036,41.79900339480429,10.943779079951671
"Student 2394",46.07649339029733,86.05178790064775,93.65491107854939,19.805321462159252,20.903221065382237,76.45928849268773,33.18935659151918
"Student 2395",36.767719301297824,44.50684361630086,64.27001805859275,86.56508834168955,34.13142572115906,44.34616384259284,47.49179344220625
"Student 2396",73.74011831220339,61.72381819370849,25.902140889985002,88.83219552753278,1.5271326308456454,13.24227287697586,4.874262555287463
"Student 2397",13.178777620640233,19.1589520036213,11.792418848866856,38.571684116464546,7.306462316111856,0.5808293494366867,40.67027775594964
"Student 2398",55.79754737849763,80.79922088266663,16.333889942973308,86.66144266042049,29.879190927295816,57.90469095388288,74.82151057036634
"Student 2399",97.17243625782636,37.36035320321995,60.7472569927337,63.407836649474305,90.1378040988413,21.5747906888644,91.17166242176073
"Student 2400",87.19448787527881,17.162514984036747,71.19630289160477,54.9099463533361,33.153325205522236,63.202243720624594,83.42579650618195
"Student 2401",21.51624195544019,88.72371994072392,46.07250795548618,86.61552592718418,91.27463724494615,65.01969525326672,32.77368587793706
"Student 2402",81.49213489496894,1.5586188029290282,45.02354472150324,83.21885789029788,56.650178088900795,0.5380881790529009,61.67771035658417
"Student 2403",2.214959201772814,17.21146036590945,66.50851238313041,43.5677727726513,14.478721497053684,98.49510443150625,76.93513247534887
"Student 2404",95.93452662699087,7.834960747126228,65.66445932641972,59.86263003308292,49.96418958798795,7.419984962524868,49.37678061566755
"Student 2405",62.40628432712955,92.81542516668588,25.808847565743054,71.10182944064255,60.7134678976591,66.03505149305587,4.090775805741593
"Student 2406",76.54792556500945,81.78851663822445,89.19379503037558,69.16337197710588,44.805425326773914,66.23550438591963,27.61085148815535
"Student 2407",20.737281723195384,70.53958890558769,81.18706248882206,53.07503508132515,88.13309714385589,46.74332678168639,39.39781969313097
"Student 2408",44.33747323252628,50.11787532432336,32.60552571768468,0.2415680609073959,91.94276156335272,32.37911964569897,41.052283021297896
"Student 2409",49.279070023202095,72.44759152469963,65.70555812315865,74.32546090178474,12.027383005980578,89.73161527310086,79.12506330928912
"Student 2410",9.56485261958964,81.35397443166164,76.28686788873623,10.858485920679362,37.61528286145477,44.55176712728173,77.76054621324407
"Student 2411",33.24751808013626,71.52487616137431,95.28795435403732,40.08488688578843,21.524060217897613,76.63551345674105,23.260762025827443
"Student 2412",75.8012282299294,65.15401123089323,99.4257629239929,57.51048699867365,52.61293786912904,55.79046021109657,39.02194348734597
"Student 2413",24.27943075453853,48.016245137252334,36.70188046765389,4.817249453517138,74.83137500894152,68.34647414759462,15.158706352234361
"Student 2414",50.684238586648014,53.10709887617963,11.857429371929994,45.80218558334514,16.840836866704905,35.2715992791133,79.66225928000992
"Student 2415",32.778287195055675,77.89080087536475,84.70676133755809,38.53179436726419,51.24955892663336,34.42324927258469,93.92498354373467
"Student 2416",44.27007923211696,15.8281737284726,20.662730805455315,54.20826408385548,53.97089161883838,88.46335183829699,83.15953560978215
"Student 2417",75.86812140888814,72.47982811165568,8.802996541611954,62.686291667451165,45.13035733453605,92.38990686945078,54.91358870486728
"Student 2418",24.31007268589773,57.5787233490989,84.1309067522017,72.14355933712287,29.035932112403597,61.370096673546335,11.774714732604858
"Student 2419",64.79052950091075,82.41074126177145,92.37905437988039,98.70667747557249,79.64981181687985,30.230366458946918,78.38322206399579
"Student 2420",54.07174512157879,87.44772252211533,56.120785770822664,83.59898454012729,75.78616064919387,54.485752007252344,90.43806352920525
"Student 2421",34.0228493670063,90.63853426833897,40.57649563310064,80.7458472255393,54.39724236823839,5.165694781297858,48.14311542890828
"Student 2422",92.2399608843826,26.233478674764036,47.219728220814474,7.583094216397145,51.94982502363889,76.00821114501571,75.37158807212143
"Student 2423",87.81635590471114,99.63181876744642,52.6565604367765,16.78917082667559,23.079054133669384,51.69318627664513,81.7326573090771
"Student 2424",5.00593849116778,63.22588004407657,29.86357908000456,48.57281359953035,10.063889719320713,40.047937732669276,29.566762517020234
"Student 2425",41.8236641550831,66.83177063933475,18.34115039537572,98.84467171903175,50.50870478965946,89.45996086900709,98.90688008794616
"Student 2426",72.49333230132306,76.89929094327336,96.97655474883545,48.9327432453666,81.24909282697168,61.86402656670481,79.67490718125283
"Student 2427",47.275769593190645,34.91260070135371,20.035888384648672,83.02566016870354,63.114217928676084,5.210177229427545,46.018730265721544
"Student 2428",74.15575320428843,98.05402559241611,49.252483857820174,16.31307318679798,80.37412646617,41.79386766354922,37.32869386454173
"Student 2429",14.384769800036395,26.000747571616007,23.561720849105622,37.90308062796795,6.17654037360399,41.1370262025447,58.30722730814969
"Student 2430",4.716718519387157,73.45815588376902,10.53307102451036,8.815787323331625,46.90368563132219,59.00191508518896,41.52040050135574
"Student 2431",3.4951984457635663,60.71985103018507,46.35828240341174,72.35317127149689,40.598435259405754,67.9308672566636,42.076287343130204
"Student 2432",4.696370801975103,81.90583724876535,80.95831745440655,48.54120447146247,89.01235006615292,90.70674103618236,5.562256991827679
"Student 2433",18.77504549002585,61.734220065935894,65.18601540297539,63.32843859251596,14.27634505691224,8.084700015967169,12.673237683492996
"Student 2434",85.83320173618712,76.32638772577212,18.88675677474532,42.92618496846687,93.9355868942268,89.83292055164608,62.7116036292268
"Student 2435",98.28489668119322,54.39571007878574,68.82942182601383,75.213749322341,22.265848404378257,13.770658700338458,30.673729127292678
"Student 2436",93.30523229948808,19.961772271034995,5.334237954272214,22.57902009715803,55.33774181370722,32.47443609336697,27.568946334922728
"Student 2437",1.5020022723549025,90.8754249510015,76.72278972665107,35.4291534440519,66.42574813779284,89.43508977938373,71.05220580859927
"Student 2438",99.34891231609457,14.210400187382987,4.035461322694231,83.5538305622931,92.84029280052845,51.579996519710136,78.30723193668098
"Student 2439",26.125364410657344,51.449849983609056,68.76553292216454,6.518264834692708,41.553356405360354,5.936528289918268,74.07222839720869
"Student 2440",91.74352898345379,56.381097066588914,99.35560571271299,57.02252731499472,15.404939763379625,25.601251680363056,20.07898173996874
"Student 2441",45.10541278925772,24.67418706554387,39.61964232074248,73.4386650475468,30.41017958775205,53.4411461621228,51.61179065023741
"Student 2442",16.04330617245029,51.646707941006134,75.4131091985019,65.95569807678605,57.96247518077563,22.708037093800197,50.04771851427181
"Student 2443",33.23982755407574,63.297147977697655,62.10635236808574,5.012899631832111,9.523465814890983,10.200437204807017,97.62460355502691
"Student 2444",54.78352196304945,22.61111746414927,17.02861795454319,73.66744575891101,1.8973248358614396,93.98020409946378,56.54592742988793
"Student 2445",88.65294429006619,42.61693961316969,17.641879825274387,25.848702681541745,84.39817196990174,32.333008826479784,27.322404154232565
"Student 2446",96.45668602955071,65.69562058195105,49.40394712652243,5.402528085782164,96.56611450761524,73.19624433241388,15.663845905129573
"Student 2447",3.085715127032733,91.50622220252184,43.6111382441174,50.67658415145109,54.061073090623346,37.48594622623903,77.9900341309364
"Student 2448",56.02293161794017,60.11373249018514,98.92282149478983,3.9993984768223947,76.32091292481064,58.28939870193085,92.09136356282369
"Student 2449",0.9991273067645612,61.63346165769145,25.70734658153489,51.495984612387744,13.758102717478437,67.32611911674499,15.381203190619242
"Student 2450",40.304712878932,63.75001337546317,81.53859786819912,3.525049649077904,55.55129587350508,58.82603606981674,9.076602569853428
"Student 2451",25.131933095561465,89.20169571152157,65.54236784010763,29.439036680035624,98.52315620245501,64.41660858042215,51.08072588472587
"Student 2452",94.52833739178726,22.083126312822092,52.21113900801243,10.143152812634806,63.494165743664944,75.67064497366034,32.98001362303545
"Student 2453",52.724042754929414,1.6274782606341194,53.04411366011861,21.337333963490057,67.55484262071789,19.118036947209884,72.5949341046099
"Student 2454",37.01271353563656,55.52802640344091,62.18858708467422,73.29411391966849,75.34180744460099,53.94571812417321,24.831291472283088
"Student 2455",59.77798047921248,31.364380230058554,11.291444432859409,61.83681197144202,22.73149838577488,87.29864620022789,4.932492655738907
"Student 2456",12.311339538965777,96.12024234982708,93.4453828261104,47.33707523591976,58.04650219111777,78.8568683877242,29.54171421113916
"Student 2457",95.20858985502574,60.41334667541835,87.71349461262304,69.8088792558497,66.6734223172492,15.015736934926757,70.21918361531945
"Student 2458",56.04909888620874,43.49462636827152,7.271353589751079,79.0063422549982,46.09753460774026,55.24480769213872,46.65951189914063
"Student 2459",81.21503561892894,14.263307469843536,51.89809728673169,4.010590114410679,93.55874219686632,2.6307591432429613,11.562536155389191
"Student 2460",36.13912178978451,85.59862923078052,14.852967499400993,24.735923610994266,39.47055109174399,70.39381980508269,3.1266334623379994
"Student 2461",73.31433366536564,37.521261530458894,56.85722971087118,26.351582233867525,1.222857727802408,60.28621995059651,43.15807872826539
"Student 2462",28.515931262193522,65.53275601229545,71.94117105828879,56.93039516671651,0.03734619782675611,38.47354484419728,70.02086602616748
"Student 2463",44.683043869405864,33.466514681424584,99.73308670664122,79.53553022466606,86.70859501558135,94.97706903831381,25.55705871013964
"Student 2464",5.947970190558067,99.11325056862641,0.33478801674987424,66.42082143168118,95.68924356973932,33.49866931915649,56.208582695038224
"Student 2465",99.88950877694803,14.690322280098696,51.27841926382256,23.629554835566527,77.46494232524529,74.41178869903074,7.238880332972177
"Student 2466",45.0890489830995,36.784157047804456,39.09253098950159,0.7464735128243466,55.506192551646485,35.192272405270465,58.148575779066014
"Student 2467",29.740264782770463,50.95681012168195,58.15933986012488,8.524417932097748,86.16482049960858,7.991089831287522,34.22841251688023
"Student 2468",82.86692793456434,2.9390795178521145,36.035678544079154,85.83819201936227,18.610909077752673,84.92431362260506,79.71655156095582
"Student 2469",82.02766814730177,54.40012387959865,66.51309919069122,58.26845580837953,3.332576251222082,79.07064099920119,13.696016708282455
"Student 2470",75.60650453519506,93.0310051953523,21.21725101744131,69.39464323235572,41.41339524700542,83.68030974922769,86.55934956625231
"Student 2471",24.00484885201148,95.78462151025126,98.84067787972812,79.70945206691304,82.85172335860325,13.873736142345997,21.92987368399329
"Student 2472",59.26859196276537,22.426186533338583,6.170741225764572,54.459061913115015,62.70108821395265,83.24165624910125,24.727187206281084
"Student 2473",47.6495296126535,87.01766077860856,4.247959425462133,21.975118366905495,93.94005323029585,47.474054612205336,29.637320045980974
"Student 2474",55.14568664186867,34.240356220746214,79.26009973740081,50.88187937529548,49.21229732949249,96.12238206454413,44.36500159930304
"Student 2475",32.6250411496826,44.77999479821155,40.33590717462952,25.662401929501943,84.23057469877243,64.89549633683147,64.10194954302469
"Student 2476",91.22084530626798,98.9406334711791,99.28368253592856,53.87320683328372,45.845130676476956,75.82913303691805,76.34530153748726
"Student 2477",28.732393273357133,90.30169418556858,67.32126142737326,96.84052347572765,63.47149662811184,52.24950278404229,24.157176919378863
"Student 2478",79.26986763423285,29.015490441321184,50.08847552167903,79.64933427714634,17.907683971771863,67.31128610040317,13.422675837186782
"Student 2479",34.85791937005304,24.42228133749433,64.47730462921503,34.414539705169,23.030147678476297,28.058974444427875,11.773725522101351
"Student 2480",87.0506917926996,33.08434161686893,91.48396117916913,83.69345367922982,52.888002397007725,16.83712187993279,26.386363012886825
"Student 2481",24.325523501709387,91.62402719549185,47.60389663706323,47.331643996680064,23.168677896388644,57.86671598602354,48.88742794239889
"Student 2482",71.03363475057239,75.8852551815485,57.30494774241188,87.36454419797816,93.04231633404567,50.211083332594065,3.0414600879648
"Student 2483",75.83957239323499,13.171617493367712,52.92737433513075,8.403043701521492,83.33013309740431,50.08146970674294,9.8015551837102
"Student 2484",52.08863527492501,81.05964812197325,36.65031693319179,50.27545186294249,20.881244714539044,50.0986807246273,79.76149605725362
"Student 2485",72.15690835119949,70.22622193324347,11.58467778503918,96.30283812878686,62.93597415966088,87.46478120117797,47.586156770300285
"Student 2486",75.14709423225395,27.728148990170876,39.57652458566698,71.63263585088906,0.668434880406891,88.09251048264063,97.14955695910155
"Student 2487",13.802428081053442,35.80898194632149,79.65390455059901,99.31977531893085,85.91825164980608,18.970182238496054,5.9969269975382655
"Student 2488",77.89159464341662,25.85284411576017,7.831453971315678,88.79676349744287,26.912330245309658,87.0626827091342,71.86578334867825
"Student 2489",48.37573375171041,75.4935277617332,69.64356771817772,5.159737308970342,78.14100745714565,90.88185484797839,11.391076467436047
"Student 2490",76.37204319398602,36.815214217484424,66.76371667695015,2.647414699526342,2.5794502328436706,94.1889716785584,48.49532124305188
"Student 2491",29.28180853319396,1.7566016823758401,66.75615114461495,57.74704669934785,75.15056674673613,77.24698248401556,11.095673003377538
"Student 2492",99.74559520487605,57.761270435761894,12.021494218401548,13.18213569204955,28.226817062408895,78.8508411874388,21.254590684017234
"Student 2493",53.73995468918793,36.41848593884983,64.64580560517028,26.60090243914092,48.06349887500467,67.73708322880366,76.75538122359296
"Student 2494",59.18266466594412,0.7351799844505006,53.71607408499416,85.52784009287578,43.52380238800515,52.375056517752064,91.20294123636087
"Student 2495",87.97190376974228,87.28279949576742,14.191683658555224,3.99085471493101,34.574369976620616,63.52980343559859,84.92775598236616
"Student 2496",50.52723981831036,90.01841023958339,11.476378190181128,59.83329048143056,56.66306549313013,39.37507998494545,17.880266766461144
"Student 2497",88.06610109303716,30.947595455393273,73.24716421062072,96.93692100964937,2.4119635946937095,2.7170282013238274,60.22479848623218
"Student 2498",10.951649206845952,80.08580420077453,37.480883260171396,59.82253558000031,42.4518440043021,68.13964143048848,76.62931224518756
"Student 2499",95.39194017235401,2.88324715222918,41.53705898217728,83.69898801933283,32.99903681639226,56.38271183230628,52.68445853652596
"Student 2500",60.65568272363387,56.98685512347369,28.107645763578187,42.55378344997682,81.57173485077107,10.320637588273957,17.17869925058382
"Student 2501",95.50503709286751,9.312633131467752,94.88361168959418,75.382305977195,43.60542747896194,16.206283934020277,98.54301521751412
"Student 2502",40.62983577449828,25.071721004430277,59.50633392252157,47.42816337497745,58.88441857046518,30.544977721906047,75.15731377842353
"Student 2503",49.621184742863214,98.36072201642901,75.78380310819823,6.780373724859631,60.58131616176992,81.3491189206413,46.07861790562628
"Student 2504",30.97150895420298,56.18673493563795,40.201039981016464,75.07121627601136,12.347887768170162,53.74777829545309,6.0620077812907365
"Student 2505",10.332873898382685,15.931827454226259,8.569654694689197,24.745968632439034,44.95964208565199,85.65086427932086,14.849095629416393
"Student 2506",20.435463841908224,82.44685141218366,53.20365597179097,40.339639996575436,17.14149473537186,95.93030624211589,4.681883226370944
"Student 2507",97.13281345953575,5.802570495945493,26.051632474737797,73.87267330417156,98.91251470426154,91.09768274745598,60.282288627220396
"Student 2508",77.94723524212796,68.57813900229452,31.689945842162885,93.81776702345665,67.02816187894796,77.2187795956168,88.50389334200548
"Student 2509",37.89641405121728,51.226066669174855,9.844424977009629,50.730864753625404,40.638462718957705,32.609752519122694,68.78890562991381
"Student 2510",88.88674825742571,92.54973008124666,26.494800727543783,16.98013507078338,45.9934542233644,95.49156858333438,4.062904882406667
"Student 2511",25.961605665200864,29.59329647709635,69.8715803583031,12.010249166121383,64.38581855066283,77.9668656009957,66.92995491601991
"Student 2512",34.313628910281615,1.9283783975202733,85.62780390471352,9.846463177949335,19.51646040355409,62.22670257405035,41.11865387137935
"Student 2513",20.08287813770457,76.0539592062802,31.534465392896028,36.824167973344366,28.534579327445485,80.83612535040974,31.98764637530747
"Student 2514",22.151112814566794,10.915735187021786,19.508156952419267,30.360298494608255,42.105043825139326,98.58482732556864,63.78758400044975
"Student 2515",93.89608476500665,28.022810818239503,97.83383239443333,56.445226858186416,20.921526957779555,23.32072908266843,11.350041856367788
"Student 2516",62.71814889483256,5.014521060274463,35.86706164259811,94.91337253523723,86.88385428968101,6.765303713860912,41.564277288210754
"Student 2517",23.14879030272009,59.399739959603025,61.59770514518177,76.22037997815801,56.94662296901998,66.81114141702568,88.80751009286173
"Student 2518",15.67664942553802,55.2632491177589,44.9575499149352,58.40810135120661,14.334723913968455,85.55621353899035,35.55203474881209
"Student 2519",2.317278341892262,83.151585080048,48.80252028230891,81.33187197894985,30.082838899853957,80.0101319715847,13.845586217748847
"Student 2520",55.44847497813632,7.572963752830544,90.97137868269905,46.41307512854972,59.616171429423346,20.749215419818878,13.68153337802071
"Student 2521",35.29749354092531,78.1883904462976,97.29419066206906,77.77879198641125,23.034952703211182,29.353000717955908,47.93856853333821
"Student 2522",14.458172042126598,28.372306871342367,99.82153471505893,45.556604545856274,15.810231222754496,41.24365800026924,54.96176630606333
"Student 2523",70.63415267463422,33.39828882914424,75.60024346769377,54.82984996982915,59.87930202625593,28.97507858493752,75.4116027587747
"Student 2524",76.80078141304985,63.06115260943653,46.2841320039099,87.74375519623362,82.5792951805906,79.38351676467208,78.10670253996844
"Student 2525",24.946177291909933,77.46592158125507,54.66718647300461,65.23988592240354,18.250573743048378,49.953993675960675,54.74044563586497
"Student 2526",80.65480340347015,18.43250688565494,55.4001791468401,67.65778790277498,72.78720278008176,69.34939433863279,12.655082338438014
"Student 2527",94.24955365857251,35.44735926936458,45.209382283004274,83.88725179845696,5.6489837821629525,66.44238672479237,54.41130038565076
"Student 2528",91.2537636061464,82.34747068275492,56.70707024027452,2.8021325084993896,52.4705938852445,13.383836024224136,69.67620297297617
"Student 2529",75.2195742452228,97.27140882991704,86.02444280136027,61.871082832563715,27.25020148357399,96.79934839186505,22.338515661600123
"Student 2530",46.94901549975391,31.443841916388514,72.82538248511503,23.230765193252743,32.08448552332614,30.4976894489154,46.318421632318326
"Student 2531",51.80685468545136,24.73554322305671,18.356658944771002,57.73207836864482,97.22792839636271,13.523178933107824,18.21016894216636
"Student 2532",10.705186819518474,19.033351880340458,25.317277883612405,95.01386494821314,38.337163756700846,2.488043098059036,21.555348241201877
"Student 2533",62.66545499791759,76.98774941660572,75.93072629189722,16.996572901075975,37.02739254462252,73.88089266943261,39.830941818750986
"Student 2534",99.13864382126759,8.632177773202603,62.724663279987844,71.44780291303061,87.98174983984474,88.17751149003794,62.565023898316
"Student 2535",27.802525740451824,31.342938619704956,81.88549764682807,10.874689674085081,19.93371458271665,82.46529492763104,71.57982497223956
"Student 2536",99.55254378718776,5.641721103369968,81.30902021244843,32.248410718121875,33.64621752644595,67.26871295984499,4.375154507457404
"Student 2537",71.19991300284386,22.14603097789026,47.80623072305467,32.70997008357367,98.53443199596781,6.471649311562748,5.0935296528347545
"Student 2538",85.53223287695846,97.64571308108376,83.21830324304563,25.034440700446936,76.55146352970374,38.366634219338806,29.874815811642012
"Student 2539",72.39972107973878,49.66197844005521,14.81253587023787,59.93893994312541,7.261956310198824,78.42962598421967,50.14269029214547
"Student 2540",0.6245416080060376,60.823342838354556,27.982370761874343,7.754849164659607,4.215477312797872,66.81993357751126,74.79019150443116
"Student 2541",23.710309419152185,82.493827396616,68.95733420068002,5.499315078481138,19.996309224040527,54.76497279591257,32.34468456863936
"Student 2542",43.9973030736128,3.2536309655482385,78.98692799264792,79.53317891669096,84.22503132684834,95.0434658322669,61.99399827524561
"Student 2543",34.78769059307215,10.363758758686899,12.34603514998149,26.76083988307245,28.540906344927674,11.365374135617538,35.74299785838523
"Student 2544",98.463865257266,79.47858526139323,78.71734815257277,47.334858304639106,75.72652799552372,49.14313073327937,76.25694100501102
"Student 2545",78.7700328479404,57.02918330094414,90.30212021601886,8.194640001728356,2.0848380508107676,32.71133018728341,46.58665368865956
"Student 2546",15.885152799975504,10.094653250793547,18.303577598754888,21.08040093134558,92.83914939585014,11.964910216347779,5.824796847893414
"Student 2547",23.982660069433827,3.6448120414458836,30.946164538052823,0.5965081032455818,5.0297439326426305,67.81692346545569,87.38325403522681
"Student 2548",51.7765712712129,59.94510788546277,68.35652219013416,10.051004449357343,80.03302941458102,90.94763840515627,33.670899819507916
"Student 2549",48.84593001626709,36.73135503815683,55.25392441115433,56.710733240478106,61.52746918994273,51.33532854744083,67.76375479729815
"Student 2550",38.66478099515317,59.72406138620462,70.75425315099541,27.41060952083424,45.22242760864199,59.5889347530577,88.35302316678785
"Student 2551",90.72756084745154,10.25124963899861,20.446690610165152,33.36213183195632,41.32467211693691,73.06398297573877,36.15215462256491
"Student 2552",63.31732874164284,33.8373926642558,20.74977245895733,80.26988147031017,78.47104329590688,84.46955726636534,42.79147942561903
"Student 2553",60.28316420473706,45.96970351359528,1.6300354985113845,67.80574367452128,67.44601833517285,12.2364139220715,92.76389888110647
"Student 2554",5.815662843260365,80.23748979099088,83.34793072589333,41.95241542007935,53.33897379118267,45.02414325963278,96.79369436301558
"Student 2555",73.68229545470126,84.92557900950057,21.18706691837818,87.78612073945982,90.50882702287981,75.92496276480529,8.211703043272433
"Student 2556",78.14990711130805,35.15661187119084,12.616055223861956,31.289628204923375,50.66363108743101,73.49193579661318,58.68305619720397
"Student 2557",10.457517282330025,71.33713680846714,47.996026842645186,37.709006045134096,78.80695287837761,31.85985437668441,21.746811474465986
"Student 2558",19.584724827931684,99.88732679164119,90.34843391962451,74.27404162436846,27.822647033665724,52.78035273193738,84.34656401295952
"Student 2559",32.86885271194782,96.4625077837195,38.2492451076597,0.8848945891166544,10.14117523751301,14.743681836260137,57.88056038870298
"Student 2560",87.51641727390962,82.6086203289071,73.77314647568804,10.256908423085324,0.8105290539734553,2.266888478637668,42.05156886808291
"Student 2561",43.882062774531384,63.10434750249336,6.400336148692743,26.386232147850357,41.93910224653355,93.20187374422079,92.16928633777827
"Student 2562",48.45455434384981,27.832918072700274,19.167505185267466,43.42444164014622,85.96086370429752,86.82974653819198,96.17561402983091
"Student 2563",24.82860004537237,11.51761833696506,53.41749010685549,29.66369783068485,46.2121856342906,43.12565166681937,81.79464085418593
"Student 2564",64.68010741594973,67.58521408249268,97.37534949280644,56.062851997703014,85.99219592249291,70.26005613717025,22.264225508697617
"Student 2565",0.14957224810889827,42.72848670258425,58.74766153403165,1.4657713660619769,88.72596855013248,91.5170053382467,13.979251897360822
"Student 2566",11.959259136964091,84.16201241499645,48.93734935861807,9.286517193922952,91.32289463294093,76.89598681458469,63.732747084485844
"Student 2567",84.13214276836052,89.84078962595426,96.51368376675153,49.95955794978034,85.13282089191266,32.54237680343999,31.774151441686115
"Student 2568",33.89353417929637,72.397589278488,8.82532268963036,29.972609136057134,86.99332800772447,15.083297272831075,36.965402671339696
"Student 2569",58.22664272504328,87.01760947356651,17.780591447410615,22.88684915978636,67.61334171724775,75.77686773132262,64.86421173947825
"Student 2570",27.138895279489695,90.83615854575827,60.013821062674936,97.0961967326724,94.1937841559445,18.389991048280226,21.38833631139127
"Student 2571",57.48148538718203,21.430268779295655,30.074052970906312,13.09688873332157,97.35398068148679,86.8268260464744,18.27482310061636
"Student 2572",20.090931874650558,14.373248009825728,38.30712096518138,57.606268411709124,89.1260066853253,21.441579022657873,4.3816395490294475
"Student 2573",55.879495827288196,32.79324033524658,37.596021841227376,48.9275423784298,87.76830285907533,16.539503608800587,24.648301480279137
"Student 2574",29.691972564804704,81.70431187172213,69.73816562679094,19.75240742445531,72.97373244156913,48.17728886231499,34.321419868499184
"Student 2575",16.550951364930615,29.84643032952401,45.80424655130961,78.89851369120699,84.59354736788846,70.0207439708977,41.17553937127706
"Student 2576",89.9806672964533,75.19464139342891,89.29433192398236,72.87974750623837,3.1320384474858383,30.43962212768915,19.44244546156518
"Student 2577",50.495078539718655,35.1715856855186,7.1329152310545085,95.2575493191517,79.54001733314503,1.6241020504287558,70.45897286684296
"Student 2578",23.553826096268484,28.95597108084354,38.78584769270984,53.36943045101237,54.877917412153685,84.19403975810656,31.8407921191502
"Student 2579",82.54067363763245,14.83337347442648,33.77284847910519,31.30895350559481,93.97213736785245,92.5691947584288,95.14360591713789
"Student 2580",82.88408423350432,46.065190544443546,96.30908200215228,17.4355265687885,24.849783674991617,35.33639448596558,6.9464610177252295
"Student 2581",94.86060942927483,21.46484798758425,38.21851526035731,51.27808407570525,30.09398172462374,23.581450717813244,99.33402063547034
"Student 2582",99.77939375812858,71.60673954121836,24.449179134240982,47.91509961929866,85.03534190115435,83.54145459099401,44.52135272433175
"Student 2583",56.48976283451355,20.08713530355179,4.0482966562766,16.557067644322338,5.322345284421172,19.725246338470352,51.73026416070281
"Student 2584",4.909039729543876,40.33395758239875,75.8973117043167,41.61076713689244,11.004068082717083,5.68051315806255,4.527751373736593
"Student 2585",71.95450943453669,52.58173365699129,28.847643905806024,68.88222827762623,16.302813962548367,40.1099184176934,91.47413298735746
"Student 2586",64.53832949526203,7.969340174674391,18.962810478262263,83.44865267524784,97.93316498048094,82.36733183174843,0.04097786435566451
"Student 2587",19.02669603900832,6.571761875372303,26.670942538835597,88.19015141811131,74.90677202282174,91.8969672113422,10.916534692885087
"Student 2588",20.029981109913933,43.56273288281549,14.339746667376636,56.50695619127711,39.0831588121744,14.815751460706064,74.75000308394898
"Student 2589",52.934548147766044,91.98249054561805,43.34204791450459,30.733726610833322,82.4837100763977,62.60473269303684,92.80071016081305
"Student 2590",87.89837093273668,57.75499116165794,93.12416354908034,80.15244956116588,54.69047829054189,56.74685298331899,92.72004893901331
"Student 2591",16.252846150396678,50.549683443435356,12.632194600186653,58.86381226508461,51.642626439592185,19.72244062538874,27.07291690978501
"Student 2592",2.8465270506477705,80.08526833250404,22.45530535662164,47.34301271519452,84.26608232126978,28.47484378741735,46.11909425671763
"Student 2593",93.35620674798902,98.57968589485021,26.961583811017277,38.47621888975067,69.69280142128457,26.418284478219654,54.13801594944889
"Student 2594",59.094692461763884,22.977448505586885,92.49195168061559,79.94771750013953,85.6302422007516,89.11121818231679,15.094286665141782
"Student 2595",84.56675555777147,18.68602518923283,65.15700931002873,41.696213692080995,69.36721872401975,39.663088097574,17.38652183368152
"Student 2596",22.583103978640004,91.72221370516016,18.394434012722417,22.564856942800237,85.5693316702861,78.80790459381035,60.89142986756275
"Student 2597",19.432897232350424,33.45112893937453,87.71259758923034,53.642221719835305,11.276673187069846,31.04962671214645,94.4436126020289
"Student 2598",7.003842230159068,41.59683938808542,7.665719155366125,37.596098307719444,31.073128050948213,46.97380023485493,9.766885031646884
"Student 2599",33.142772389821964,82.99245396092189,34.06334020913628,18.22911324739712,97.23155693392975,45.13032880308208,98.6985296663984
"Student 2600",71.13910941042647,55.96321304940073,51.051904487945286,3.862341122032066,53.65806563485614,35.5066959612957,68.10206881435266
"Student 2601",91.95318471434865,58.03499947199666,12.389947063285332,77.75607492006745,24.847720952732082,92.52764209400854,67.41157251828436
"Student 2602",46.789026680001264,10.326924823184857,48.96133627204029,99.89548188097493,26.613478129815665,67.96823689601143,20.922988917291438
"Student 2603",51.61547729504231,66.0921267500366,43.74666174909562,36.75611176375896,0.8187834003472245,7.6125788315144245,42.630179021460144
"Student 2604",48.706428913690104,45.12455433455141,70.50876849416608,12.430460628675167,81.02756411104143,92.41233590641635,93.58904813615602
"Student 2605",56.065699119321266,63.6913193668709,57.45567243100164,54.02292861934968,41.715663996902116,6.829140801652089,2.579633973142679
"Student 2606",10.79574442666906,99.34833119380357,27.408879413464614,77.68580196915632,65.15538007489197,46.57452552239011,83.32571854028144
"Student 2607",60.59463545129263,64.72403987823627,56.22344443104777,9.012201249632533,30.742192926420774,92.86899009580127,62.82184866466884
"Student 2608",51.91161141331667,67.14806011439838,23.80520304015625,14.090434942313246,46.396652309075755,38.72301190925007,57.094221028388546
"Student 2609",94.57889498074557,16.378562843447572,93.52424931235004,95.15112513499525,37.75150996732239,26.630055618940577,77.78524751868493
"Student 2610",77.01281852757006,17.13361428766023,37.28293594067359,1.1192730857605464,23.35666073676668,63.349647183775716,75.42356145349638
"Student 2611",89.32202081283324,43.79272556482413,80.70408908651768,75.77658005774683,37.018055857661466,71.61904485171743,71.79902266028209
"Student 2612",10.497539315186222,97.22108932769018,13.216883487638503,75.33140196010817,90.02946301866427,5.05121079871542,84.8251829118879
"Student 2613",1.9594222163631683,8.736144501761093,19.352097148640674,2.181545203973884,14.280634232690145,98.05508516001352,67.42399261318285
"Student 2614",22.67553147199481,39.475791305668544,87.4650361379359,6.841162575714539,58.093405404420594,53.74803589139935,34.50837249710163
"Student 2615",13.786071788736932,51.236373343297444,19.753417717271518,48.5283569392416,95.8890013213424,75.22828543371807,82.16364570403535
"Student 2616",40.327643917488494,17.551901977703498,38.474697354276074,55.047616556246226,64.12075019311561,19.681565253710595,30.942764860275858
"Student 2617",19.833516464219755,60.5251342350606,16.96997088817024,17.641568904690757,57.18714842728213,18.942152734478,50.13528457310728
"Student 2618",52.590205124733046,85.68545445739178,25.54012222948655,72.28550470617117,6.797910736591896,60.786130885728426,77.75969435945301
"Student 2619",20.630647933166276,36.592889081120134,63.59703193217068,27.47971534619834,34.52441480982418,57.14277393278206,54.278904426006925
"Student 2620",2.716212083598063,56.37606274519722,36.47811511037826,82.87443543682667,63.30339933970684,55.64987145234589,22.339897677821686
"Student 2621",97.73568970264749,55.88469401327421,26.328306670252484,29.230411012398687,34.09179789600319,43.69824143667168,59.37264631193187
"Student 2622",43.84182803522274,8.670976814227108,86.8408426884306,81.22097473143914,30.456547335320856,90.45491922021893,88.20998373394283
"Student 2623",89.4732156817487,84.98331455581274,51.90129178568937,29.895515237136717,89.63344749863354,15.078574099000175,48.617305182744474
"Student 2624",16.71901512979704,49.57831029235813,37.387581543252686,76.83487360674354,61.803875414122075,10.58563301273043,5.835060962297119
"Student 2625",59.473806929359455,61.619941240334356,73.13411370196422,23.78478011040291,31.14308354286305,24.868348985373885,5.963427217829635
"Student 2626",60.116399699356336,17.98228078891809,19.512999855538027,65.52590247816453,66.74425687031726,21.98257695207057,40.68564819371506
"Student 2627",42.6675760901444,52.56301935978285,82.87119934905228,37.932786047511236,19.535907998961672,26.799882832503513,59.61887341800719
"Student 2628",96.22685828193976,22.064307928142945,98.61638358355907,75.56136722087349,72.73455529722797,75.4326177672188,50.082729059541855
"Student 2629",51.53563400875414,34.90474183885538,47.93835734864153,57.16226922654142,13.218699133556001,52.84298117912092,24.399821466565516
"Student 2630",43.044544586117,38.658781552997596,60.370997153389474,97.92989616755125,81.772575158575,58.34306306802666,11.656589981063082
"Student 2631",16.420358538180192,4.584573293049794,22.29783902310989,96.76236726810872,82.35528582649539,87.8070932453495,83.47541027020435
"Student 2632",46.73933795178092,28.87897039111883,97.77699032909257,31.5722425705399,68.19833016072336,90.68253750749372,65.96554557706827
"Student 2633",51.05981060067898,42.65399359386029,30.58155997837365,31.40385825170654,85.2279484395368,4.5620217757080015,21.555259968841785
"Student 2634",31.38048022032481,10.003089606945005,54.221915171341095,23.540115292467803,35.79763523545173,37.38316665042044,99.03305984567794
"Student 2635",67.27470171534627,52.44028525897681,56.69579054138787,11.12413351432235,84.07225665930987,17.071575157628793,52.842344385557496
"Student 2636",89.5669403253083,21.827159866179127,4.872554639254399,67.55628097597204,39.241316887301494,43.25636215855126,62.886022195687104
"Student 2637",21.660907353439367,73.12640973601302,11.369178502788424,67.14200251133495,28.784421544630618,13.509983226292164,88.26844940413369
"Student 2638",24.126266516883717,64.37190253407748,92.0347350200775,65.3057975059736,27.535889629143927,6.802042829430727,13.861074902524035
"Student 2639",99.42693568144169,3.7658335601744817,64.10282122462854,62.81768272423863,14.475652886398976,49.79184721915384,43.320797061016734
"Student 2640",43.71583352481258,66.468979887873,84.01443351838654,87.84112967878028,84.37676017889567,68.26351682656023,79.57322839313646
"Student 2641",16.80277657285256,34.53064626774189,36.541815144481546,90.61847145772846,80.84828792495713,48.99578206407059,49.3167255565299
"Student 2642",63.20453964857678,32.59126003084113,11.408406864741728,14.10544322363903,71.86027224843987,74.1883845342555,79.99525618043177
"Student 2643",56.355186204922134,31.3387631566811,74.95545179152732,80.42008793694893,62.666254979349034,2.045721149730205,28.673339889283227
"Student 2644",37.38397093353682,92.73080712118472,72.97296450228052,6.569268146758267,0.19504909806949688,25.72145921019121,41.8620815564835
"Student 2645",23.15560102240739,93.68999088003392,8.61109243931272,14.177057768548309,97.84193025457645,57.54929689376138,32.91024323594948
"Student 2646",5.871003402677751,45.69862718185211,40.90095836515117,19.357091248678703,63.81966287105415,46.46551352470628,38.367401927477296
"Student 2647",5.806351764913219,68.40385125865906,90.25485260278357,29.302918935521255,85.57944074791023,34.564218207215966,37.22040000070619
"Student 2648",60.891267450362896,60.67547074502524,92.4734558598973,37.972130462535056,34.71376352755603,6.997631998684943,95.78034071180788
"Student 2649",99.74605625689168,79.71883960091513,1.4206559995387205,6.737314238425879,44.36721561287183,80.67085674551254,78.0873480318948
"Student 2650",84.55966999018528,22.844810860402802,24.537341742081143,51.70892750277365,92.20426341664802,13.162895990782737,15.285774922331347
"Student 2651",24.365323231110978,86.55366581996951,3.158154951376958,17.683973873561953,2.301230285316638,23.63053170373344,7.202613491626067
"Student 2652",14.589561081040085,58.32683315099235,58.83275258017003,23.262742692335316,65.96417158137191,3.6758311954906855,21.166519009434268
"Student 2653",53.93245406545453,7.932835828998211,89.5041988850402,65.89034249059225,15.781948513399813,63.06812323040707,74.445517737958
"Student 2654",55.99209245212514,45.97296023696514,24.12512738478029,84.53075984972897,14.026632785135416,97.57960592763442,58.42882867250615
"Student 2655",30.670651496196953,44.0095242022516,85.28565072350395,71.70699693925673,75.12097642036363,11.559940737395797,99.19732162198447
"Student 2656",96.43304217753126,28.458047207924192,29.521064746544173,35.47754655621299,92.9175752626006,52.92621275694122,91.12229012663119
"Student 2657",42.038792205531216,28.794111422506248,97.19584085904764,29.711097317707612,71.84894719632327,38.812845038189536,95.90930015000633
"Student 2658",29.09187248091029,13.546389302175,99.92788286616107,91.99698687445373,48.51132290966249,24.830066360483507,24.825111543419574
"Student 2659",24.984600435404797,56.03626160539964,58.74228303734945,17.403888318350813,50.84562657021622,38.89262389384866,95.86824570316739
"Student 2660",36.64789480322148,0.37636404521395633,31.15745326646365,13.716261116055836,6.220189525788515,97.94391217132778,95.86104155023048
"Student 2661",80.35307259123775,1.2408382142976315,47.158967819383626,76.44174042730086,26.13045919414208,68.43047561249898,48.62301088302925
"Student 2662",60.859842133537576,7.489741822007286,43.144476990956825,56.61700648403486,7.6875817199083265,28.329566505592002,12.781842856724666
"Student 2663",60.59311432091399,40.31643424262427,89.0987798995581,3.4686384683276414,5.574584029299356,69.84078018653808,93.71216991874242
"Student 2664",61.90725094670017,64.12540226658112,50.276832524505636,90.81344132104567,54.54627117991585,25.987715253498706,65.11724484508807
"Student 2665",41.46771926156162,20.3961991736817,6.953026464216981,10.209999816391152,63.98155566524801,83.14303389696329,44.30685258617992
"Student 2666",34.87250080773101,69.63490294551869,57.24450662662781,29.230523667557947,25.49414077618641,72.8045937834626,31.945503215120674
"Student 2667",11.831239561722787,21.96045772966955,41.09120730058948,49.54550314196858,44.91119846562746,73.92176237401155,49.90998452622302
"Student 2668",86.34929017916713,97.76268796520792,89.82081372692767,77.95117144819946,85.1561902042835,14.499621143526445,46.81042357658839
"Student 2669",2.3393021927309317,10.087739130790629,66.1788401496052,27.91689742816092,5.7693841846385725,50.60471231874831,34.27552636494856
"Student 2670",90.84890461874363,43.17347521201555,14.962281893283985,90.6634464841222,7.521716401554154,55.99428130335886,93.49662402945933
"Student 2671",51.10934576067571,52.70126876285377,3.6145197682237096,56.28329444324962,92.99774259832164,78.0925164213566,70.66191562051678
"Student 2672",0.3667845116941114,66.39178858733457,6.435690016932398,32.69695259254627,71.51225040907656,41.90381930746829,79.75118081553885
"Student 2673",35.03015634041668,40.33506901192195,73.26932667542856,91.57384869537754,60.40704764855139,82.63014882232042,83.374180914712
"Student 2674",72.20009785806948,13.304592707923277,38.94121644397051,56.4595237048677,80.2629759944184,66.82162762801825,49.013801691997706
"Student 2675",67.26674772244583,80.94707576420937,88.35916106515482,26.298568262531518,56.80280060199401,7.5291433330200705,97.04931238489776
"Student 2676",35.86767728034079,57.212717352003864,85.43944109764178,3.6945742422419015,49.34926210127099,89.30158085194209,53.965527187174025
"Student 2677",76.73329573588332,97.66193198616584,23.78282039171909,76.85903721265515,56.90849022095077,29.73452460947332,95.87854454088998
"Student 2678",7.152286108018926,57.66615555284758,46.37778943719527,12.778144826498911,6.443087379569784,12.982732409884582,22.701618158850128
"Student 2679",16.962613493270652,47.2733863838208,3.371321987656607,35.04506219449949,90.716351563704,4.713436003508695,65.67928937133591
"Student 2680",18.40009038736941,83.28160698381956,86.05508080792767,81.85088804550175,86.09033305472576,93.72435188065909,95.00083568806474
"Student 2681",20.685204776840152,76.20678885763672,51.371503349323476,68.39388126488275,42.89057369909276,29.375995560692193,40.83933239177897
"Student 2682",19.42859307764223,66.13546380163898,5.467368899477867,23.747793981843053,21.815107290314923,70.41934507141558,33.24090306162003
"Student 2683",53.172499239754146,7.406430201459169,7.948879126013736,2.3916954719693058,76.06256972692442,27.724185908304182,46.172177039829855
"Student 2684",74.89752585331489,17.583761023237937,74.06662144579568,11.882909798501236,18.01339576401211,27.58071089573612,65.50652869240916
"Student 2685",19.167454843260266,23.17609120695957,16.14779972761717,40.00137048849304,14.078492569479456,70.7282589008151,99.83827518831906
"Student 2686",4.840208498685902,98.15843708296028,85.45211385836477,59.08342571607237,3.6891000519393304,95.18523579435983,75.10046223060867
"Student 2687",78.73842079138747,58.08836645295975,68.48666597504928,86.39985157689118,69.34605880036399,72.43811286397849,4.714113835768087
"Student 2688",34.41777867032908,7.826675127099024,0.37626402165334405,0.8957002558101637,91.79383860897899,47.5293565194208,60.999402033775354
"Student 2689",4.690030904117144,48.670644636349664,57.80563259220772,12.743525041147619,70.96810308453438,49.389668487841355,23.662967334560513
"Student 2690",85.72764054264015,83.77411739372572,94.36006290082389,81.00725177137677,85.90153006532546,71.62006041936162,31.871832683114892
"Student 2691",36.149100015959405,27.178235608359874,5.8103638610020845,39.77581270067514,54.10034210411345,13.573605493472146,53.77568841330369
"Student 2692",48.61849833204575,31.22769578767204,88.77388611739796,8.74766184571441,85.48700963802315,43.297624778447194,79.63194945445457
"Student 2693",70.97765455542161,73.295328378224,81.64461939175868,94.70149262984145,50.04100882741531,67.68567331773423,84.91771280677412
"Student 2694",38.92702920070069,29.822384078252167,9.772342521845234,8.307513790718136,66.70270921750414,47.94323589529091,28.59001965362377
"Student 2695",77.5569197313883,57.73341573884362,33.09047580370052,44.90792372081169,99.49324009526006,70.32356845765386,22.8192450769936
"Student 2696",75.79379818136502,24.449784440440432,89.20201846732591,45.85923653855422,95.13645690213941,22.42533040723804,32.84065043973256
"Student 2697",5.997501215267134,84.33083161941185,65.70362723689334,95.44769625032015,77.78274361692522,40.175686497511386,21.961411909369296
"Student 2698",89.52274688083905,73.90815483053183,68.55020508496169,99.23284262597952,54.48303383120662,52.53732679707406,62.78889159956073
"Student 2699",6.456387617837043,28.990740813797316,3.349612371120708,78.68325461180592,2.6050130183549576,57.08545568843072,6.641246190915222
"Student 2700",12.389018015847274,40.116059141273226,81.37352337779193,86.26913149484257,31.49514522959049,94.61633145092593,51.506712774824415
"Student 2701",80.24744487395058,39.391292711405036,16.163180374394557,80.1717595303499,60.05302681921613,62.196770572793525,77.0814745091185
"Student 2702",7.693347743888998,72.47020775953294,57.67802056666983,3.971635270843226,77.18030669537086,94.10942387971379,23.0004132057924
"Student 2703",4.475830662377576,47.24914527695275,76.58767079409523,76.2318630411483,91.3170812797943,44.325216202370335,55.18689656997504
"Student 2704",53.945690528424684,59.07835708699922,32.270986865170784,1.3105890268261093,16.600668512468957,31.84703803708165,82.84893773584403
"Student 2705",3.8001169818506417,6.525758679147434,11.778224325450894,23.934445686354383,32.878829466387536,22.32310310930711,9.959518503498687
"Student 2706",30.444613300856314,39.80443550787302,69.96611192661987,17.179437870795994,26.72848511021899,59.18718096491733,89.95871583280272
"Student 2707",78.65421993952599,70.36418612395782,66.89140338066146,46.71723863946973,4.10659109640368,42.22192695784861,76.70928506516536
"Student 2708",50.519238225161864,28.35685765159824,75.65004202932033,10.478194319615302,66.40563401240999,5.5524516654102305,47.90816617855646
"Student 2709",84.14075245743848,99.67249486594113,12.442607295165859,20.65854968252714,9.162107963206267,54.379996385402684,99.36243148711974
"Student 2710",88.37267172032446,71.02686083695602,31.932537136419874,30.54832914933761,54.984389858666496,47.97806343825764,28.654593034178948
"Student 2711",57.75817290325863,37.397898323189835,83.82875279345541,63.069191409838595,83.19729846127585,40.74061149128415,65.06750265265953
"Student 2712",34.816187481975426,7.966604167074309,4.239581747589929,66.90814339555045,0.8881176368922739,13.60042754166998,31.496201784653273
"Student 2713",36.827927861694306,22.176421647850386,22.884896607961068,8.168850664554265,12.613616757124458,83.08140924527879,44.99182777849671
"Student 2714",9.08665662319659,6.364105233819623,33.949992312517566,40.91944300604244,13.914141315374895,81.64963855200533,50.62194962246369
"Student 2715",59.52334570278547,64.92875259960532,67.74081684189646,71.4584939542619,80.01398841837496,26.293598891188548,62.986504834353276
"Student 2716",80.82170092456718,4.493641459605989,59.30840282630611,17.06618126631812,81.03396991029777,92.7510088001111,13.82182025583664
"Student 2717",60.32404530490199,52.76449894451027,67.62648154475971,56.311598479892965,64.57943822423506,63.26972331134111,99.91923355967664
"Student 2718",62.75107192888033,33.13044623639773,64.23256000662441,55.94555471118971,48.39343319412023,13.52762766414653,20.56412883051909
"Student 2719",44.956400150946514,40.14770668102834,88.16797060600958,20.078086898545912,12.475947867882462,8.784180228641425,64.94226790012185
"Student 2720",32.338758113808446,2.920970997547151,38.50304028577393,71.17345582308718,91.40673879024102,54.05086276151838,34.408459556726214
"Student 2721",46.245409371950274,2.53873180876303,43.24892448046287,86.82358898231162,52.3981817627839,49.141383245638316,83.63253443390349
"Student 2722",13.711466349409227,8.232247634775625,80.70207253932308,59.92837770723894,14.269155943714473,1.5206181053735792,51.32226151304325
"Student 2723",37.4315826369254,81.946855603468,24.93037870306358,21.347328414054253,81.50292198523795,37.96455073267871,45.55732104623952
"Student 2724",14.209816871656713,49.02825922389216,17.420946289089294,28.04037204938119,30.802793098389415,84.68467679619994,9.181974429448523
"Student 2725",27.268752286374937,3.293362874606496,74.888750138005,67.96542493735626,95.31341466024071,46.85510653799988,72.28963923014426
"Student 2726",36.20675722585556,18.514721051663976,0.6907972169453013,50.59587273365077,1.4928325049154034,17.541466210939703,32.01971930642217
"Student 2727",69.21170384375715,59.454177395931055,24.019147715841655,34.86562926376338,46.92359861879374,51.415071077647625,44.48777392346226
"Student 2728",91.49241302871177,43.92651044675213,39.35073259831646,72.85820688396493,79.45327942257038,17.144436318567,29.703155397694065
"Student 2729",97.54938607173654,3.384095973057045,77.9556590484806,85.81125343178407,14.884069725116278,14.577502724057172,41.9773721436015
"Student 2730",94.61773135448445,38.58414625768907,71.00598356142757,87.53350262062101,94.62419928315174,0.7664077844236472,74.30369885509738
"Student 2731",65.27947475866759,30.257456252283372,13.043334684982474,4.747797206513734,69.75017709339292,86.13645999963369,90.95949022305433
"Student 2732",61.23225549478999,49.73725732997337,65.13183148517993,17.24040717286741,9.252525032181431,98.4755852056209,25.383145725202272
"Student 2733",21.904406385224245,3.7704355266269585,7.762957257259353,59.14174663097141,76.81725561137289,35.18884785032884,42.05368112648274
"Student 2734",23.767906996810517,29.85418679357414,21.309637163048233,99.16926769339996,47.18826489479432,4.507522091537959,87.33423890018493
"Student 2735",54.272213125612325,67.40118597895878,57.15895138192837,89.71265268729036,44.8227965110388,78.22760648081697,4.803938219689839
"Student 2736",82.67129728603247,76.22121569374497,97.93133636233992,56.3691911349101,41.2102596817446,39.58141775005955,8.643254506655882
"Student 2737",77.98749332251606,38.01484931582553,21.131655922575504,88.45254896225687,55.670771468289374,33.96960511600486,73.52510663282932
"Student 2738",2.955170378443072,86.17191114799397,41.68661497338347,43.114584842112976,60.93459512925003,10.675677503639053,23.510271177688455
"Student 2739",68.88656431306974,71.93662408923383,91.98105386942453,1.6552778957272793,73.29138447994367,44.40373576706755,2.6884450649615053
"Student 2740",81.04052981174608,51.995516662844445,43.14094265099084,12.14803027020548,43.23215644040684,41.657990786087666,71.52360826351838
"Student 2741",13.684512250766586,30.988885322686343,27.039248403612508,40.45326765393532,33.742970625479096,88.05110274367681,33.652624890102366
"Student 2742",35.22970905905709,41.269252860329246,13.585711930910188,94.49614033750183,23.845407519149784,84.64649173416497,79.38870746850229
"Student 2743",0.6222324872242918,62.699736889837624,86.26818255706898,61.2780336930609,82.14633977206906,92.74334374945197,27.707541835265737
"Student 2744",63.65005995779385,98.87387558924046,4.22467326856922,56.3409683810989,68.18083396278242,64.05465007384316,64.77100061014161
"Student 2745",21.199837619781533,11.766717027683733,43.61567075237215,75.49987428197781,83.12139983699683,17.474353419658904,87.06192931232967
"Student 2746",0.11119214728217532,87.84907456622464,42.94349415005298,46.38940568759145,26.669789345209967,44.818506130692654,29.57962266301873
"Student 2747",56.280861972307264,72.09038553360658,51.57065919268542,13.833654681269342,83.42009614663021,12.47123184841089,60.602056190439605
"Student 2748",48.63044651343662,14.046101516635787,80.33363553559848,37.38811149627027,16.123645779090545,90.80203704518013,40.1728994478502
"Student 2749",98.50502093813081,77.7933485174985,48.05183739494091,16.830235319971308,92.5130461099051,85.62499832794674,72.05609464931321
"Student 2750",61.95349419776556,27.157487444939743,22.601870611467984,26.14494293754788,73.76348239321115,30.195193559837236,55.993497431414355
"Student 2751",54.27583603838044,75.60500529530326,97.12572562867282,3.26185030957235,86.84877121027041,31.96170523733233,97.41866522711639
"Student 2752",74.46447184296746,8.545135362099503,81.98122116639695,57.01034605309796,27.584376383552073,14.8897051415124,62.82798112936694
"Student 2753",63.13832976870967,33.512111616394044,64.96477914169597,95.14305785929146,86.04327673340228,41.77685696849282,97.5969011885263
"Student 2754",62.00653325812051,64.4167156904612,80.31540743568141,1.3681327742449592,3.725732868220671,65.13031983403104,83.29169754471997
"Student 2755",87.70619664790306,58.88485939411516,56.64223662857558,90.92493866145402,71.63476985835962,90.7212686512215,12.496365207468054
"Student 2756",14.487014870702003,22.896596349893372,30.13828183043095,50.60201375964966,82.4377841784654,53.3446598351844,46.068832425803826
"Student 2757",22.168797245868852,30.73210100284066,86.27304155520193,85.50831928406932,60.87499067824024,16.649106421650924,71.0259582472932
"Student 2758",76.13252218083333,64.73418215713967,35.263582237807526,9.717243725455768,24.848924641993897,25.751899680169522,91.27915965285843
"Student 2759",62.5158599864033,81.50167186859699,14.282484888848785,84.77139662015583,48.91593253639738,80.47935360515396,51.30612088060425
"Student 2760",47.7852473217154,42.74587523375406,82.51279886088942,54.2987456195641,68.11478058366298,55.038822388311424,94.20374461153921
"Student 2761",35.03196535388125,27.538952795514003,87.3910770849407,51.412441144933794,96.69978701957601,22.04353342037146,39.08109895487926
"Student 2762",66.60613780168256,43.718273097161706,75.26678444350577,42.498257105766,78.82208649727512,54.11818902985445,89.6722023530094
"Student 2763",16.551867444791167,46.68137441710578,15.071709943374156,29.39364506995834,7.0439077260250516,6.8029327441279195,99.4516892844069
"Student 2764",97.17892036069453,92.04247277696376,0.5545034386857338,55.09343307734657,14.163128658569867,11.049135938436173,5.057225381038267
"Student 2765",36.80203453550414,67.83051376294222,4.3863712296715995,76.29637259554798,53.28298622773679,55.51056107088556,65.90798578486454
"Student 2766",85.41509396607347,40.45357506838147,32.32550009863858,92.97490840460826,54.62136515682347,60.22347925648825,9.637875687660818
"Student 2767",83.20033994475239,55.03723474425127,88.60158415364364,81.88447938521335,64.07517303227208,75.06811425164385,52.41992190426365
"Student 2768",96.92244158228631,7.85208066058469,17.460023442751364,56.53502891182798,41.7175287834078,73.24842391755575,95.8950681151793
"Student 2769",57.24434731203621,85.87401993698731,24.776032643209287,98.2937254201661,60.963716693445505,42.052554389818525,37.782013363823545
"Student 2770",13.338032617906245,8.801524140389224,94.58027937153354,4.986605431508311,82.29251890799807,20.717117136716045,38.647352474809146
"Student 2771",92.9958108614277,97.48969497718491,78.13116435148105,67.26530382448016,20.309553131855147,7.099807881473105,21.164332035752423
"Student 2772",23.55968294434044,90.8027350402813,89.42924487444166,99.15002356506221,54.63911313177554,14.109841586401203,11.138646236525586
"Student 2773",47.28842550490667,89.39673862175212,90.80034743460556,72.51859853093168,60.989042673292545,78.86448524172653,1.1356505582393939
"Student 2774",17.285544627154223,3.2358629825962235,63.87956327661699,0.32084298251106663,42.392956293899516,50.77384770607583,66.33364010890051
"Student 2775",44.826064903805666,66.86174635532392,51.43416838935815,47.378557697001995,41.634286049498584,19.145225042009688,90.4789843863297
"Student 2776",44.49085421243767,56.40531623471574,88.16086035562195,24.637014577040777,44.40519543388278,48.50460261151493,59.81031325885632
"Student 2777",26.022347027289044,5.051187706808487,42.532090567622696,27.872506394879395,76.11422349476084,74.94380397184585,76.17461521108328
"Student 2778",56.06553733638642,23.615956610090656,54.359242225239335,28.41431080316251,34.61861542945392,60.79458475211161,94.14135027635595
"Student 2779",4.117282792044812,75.97268203429303,72.36670977700345,69.31503601667548,48.7204939556238,20.56966261968178,87.31632514662593
"Student 2780",92.30470924714908,1.1784388455017103,70.00220403908818,81.6745124155502,94.98805282051485,93.43096915262834,80.98801094504275
"Student 2781",32.225855257460495,93.36046274174853,21.994335211045573,55.86852139126653,63.18536552548392,80.93788473943367,32.902906403025796
"Student 2782",34.07500194010515,58.57738344391261,19.135941519200195,45.140383888673874,69.25759542650452,3.854691590548578,43.38802122593643
"Student 2783",88.27428335147435,89.5357994182463,96.84342678453032,0.5452325409116652,34.16265765460561,38.734323762903756,43.30364959739956
"Student 2784",9.195833813586583,16.968974695281403,82.3318233383904,91.04328057418445,59.71807726829949,73.52106465097403,53.97419025819584
"Student 2785",34.27063591619582,5.13777140534386,88.50734652068665,16.496459843621615,35.30792758069744,89.14402552609411,13.702174076498979
"Student 2786",7.211068747428638,41.04575130941966,60.1049437570544,42.5812911344926,21.20429340254415,70.25905011830801,35.54505341181719
"Student 2787",48.0495203195387,25.31647837267833,9.36704703524987,91.7582466692774,89.54658325634884,16.396223105975,53.79519791750154
"Student 2788",31.98905342027355,37.6069434243544,53.26745734559143,14.41053470100227,89.7262237326475,75.96826722511632,25.913338404421793
"Student 2789",59.83293696023906,60.212360160369,61.070677800313156,43.324112820633545,95.09401565716081,16.849139024567553,89.28177321231871
"Student 2790",2.599717617861332,60.873745317884186,27.775618878502844,32.595868743464514,54.64916344884353,94.83889656050802,95.20623433609346
"Student 2791",29.583241322322635,98.10754992105025,67.65632081905106,93.28970603463806,26.237978812158563,44.9084633382961,78.26045850178937
"Student 2792",56.06112378790943,44.72126032082103,43.1685902835409,38.315272571905695,1.6040953380963368,93.031010916611,64.41063394735505
"Student 2793",29.611998256789484,29.398083472793274,60.03869266036796,9.325823079954857,45.38758527085125,23.28257350506366,86.8119280723357
"Student 2794",58.51915144567727,55.67763877375058,97.15066373198272,36.55571786902536,52.350722732958346,66.01563294864681,51.110222139148
"Student 2795",6.909004124641685,62.14578866890018,14.145701446153868,17.698792821371214,84.3900996194104,98.17094311855867,7.216444407484328
"Student 2796",93.32494059772401,1.6246279071630745,76.40233347322271,6.609081096691825,84.081071147287,26.863938612933662,45.9426974690385
"Student 2797",6.392645329387525,42.40308447336071,47.17914999965044,40.576255358684485,60.89103215131336,83.048260408834,13.032110290552728
"Student 2798",52.567341579862315,28.740482890831803,14.066531194023973,47.81416356235768,37.50998584321976,63.16081774640821,84.86955349254558
"Student 2799",12.217650544250763,99.15252840854731,67.10558726288849,4.986247801074846,24.96668235218659,60.990898902959344,6.088934811794075
"Student 2800",99.09293076123603,69.52856272626772,93.07363276606382,36.812815969576434,14.087825956465236,81.75714769877743,23.058481649072572
"Student 2801",0.8722228059258905,40.03298431038041,96.18326358552771,28.48681290453016,36.680592254152856,85.98957620549848,31.823238932868648
"Student 2802",62.396898563189104,86.83130801757218,16.196463304671948,73.75634534800196,16.08228094357396,12.394643359708594,39.18367681647344
"Student 2803",51.02698513410332,75.91381889515988,14.132948523776362,51.255409432156426,50.0690208698489,15.929842789444843,62.71540858410107
"Student 2804",71.57753575724578,86.92356599186861,13.001973628426553,38.52857514128886,49.11570790183681,73.06537452069085,25.97096546673529
"Student 2805",80.14610798721847,74.14606101149867,36.092432934924965,20.565583568095853,30.955977414113146,12.659010304347884,1.778787243224789
"Student 2806",43.129532822111685,66.05379042175034,66.81776970236493,46.33745144426917,36.20237507153717,34.32328658386313,24.118377271247272
"Student 2807",53.33933863237898,3.269017129110695,70.69794092429179,97.41377958669251,14.464712475478446,74.40936155739124,41.80396432239972
"Student 2808",99.14846697724258,25.62345888222879,27.15489782239553,67.77218425115201,23.48807644416833,56.95222606407461,57.19331890972015
"Student 2809",7.646379644364753,31.534354231690347,0.4570130744916046,27.405134848150777,70.18775204857363,14.810398527565265,50.53739434310154
"Student 2810",87.59530254178361,76.10243962148807,77.62113961520768,61.203105954965764,93.04515569640213,29.658813250545535,29.578339487397454
"Student 2811",60.379316269866614,23.34019035619471,73.48910101361437,15.026450591116635,68.94201589911721,50.23223883509962,39.589779317413566
"Student 2812",41.57102946761805,76.24785791584188,35.66762660000014,91.86724406533266,47.37735860057305,59.897236291514176,92.71429572211184
"Student 2813",17.709527487942246,11.915070539202189,59.34075097045971,22.820270629440312,63.673313947149666,58.74915685586617,45.34885262575254
"Student 2814",64.96959131612691,27.247286538724342,25.569615200248876,40.050356993770194,95.96578775411506,23.69660776882662,16.91737891683961
"Student 2815",41.522334544793054,57.46955658061592,47.426208975763075,90.01658166533403,21.712280385849763,12.042117992165828,24.21694824870376
"Student 2816",29.714270666438942,75.45253528487635,24.082144944784638,12.427114760820226,28.626448529120974,69.73993317584798,82.9543590571706
"Student 2817",45.45346879843043,56.219066041589564,35.354800323455606,37.22049268542177,74.76509125911976,73.08607991049807,91.972545652635
"Student 2818",85.14612096915934,50.60372792681298,9.282503425444052,46.11695708450622,7.90796905594041,30.40867259376565,33.41885662389855
"Student 2819",75.22567165967058,93.37181050676303,90.80632827598,2.14709846532083,43.91117433595464,48.11508882107886,95.1025185378399
"Student 2820",58.21110179211423,34.082189569294975,32.3213173902792,13.74081015786594,17.442769325391495,10.214268054651972,66.9122737156905
"Student 2821",12.458929423836855,13.822967889523804,38.1808905723413,61.64594076248194,70.25329369669612,56.54884957218032,52.812619300435315
"Student 2822",7.3186329017967315,77.86303535992508,59.540197992753505,7.064544171504451,65.08248826338252,95.69229396215592,98.08412136412723
"Student 2823",8.94548591314768,92.28282068582476,30.052699814205447,16.279653424659294,43.74010868239174,24.490293528752584,84.1045461188577
"Student 2824",93.60235591243983,16.145387428295255,98.35701829661332,69.43686260338406,81.15173009742523,42.267576277486775,66.4358129853532
"Student 2825",55.44087341736984,53.78917186613263,97.3446207816301,19.05268249805931,91.08066198217239,18.584613910704746,14.185596918952495
"Student 2826",49.206777870721695,89.17189720306725,11.610923767769156,8.325009400302106,77.7083315032463,92.13016355243946,76.18189002054727
"Student 2827",46.07900855919806,45.943433960049425,60.30523562422807,49.89075900824201,8.77058051024707,13.486579470681178,73.11206316963589
"Student 2828",71.35349792011606,38.40796714424732,72.88677208205152,69.48834916831618,22.105721181806988,87.36077793072748,44.14326267146928
"Student 2829",62.97428169776323,55.18247027033005,13.711973780655365,53.25278744361045,97.96297449192488,58.3757555065848,18.611255832469098
"Student 2830",2.7624131903491502,57.33909570910319,10.578959227602223,71.39560505100168,88.15790053269853,43.99064492102186,94.80807506255134
"Student 2831",87.39860731873672,29.83780442964071,53.37406544541912,59.71231467261978,66.8553084407401,33.61507928474789,61.95974731562857
"Student 2832",32.603690673174064,20.51974363717202,20.89271157091148,56.01374731043877,73.07056452068895,69.12413448979547,74.52087584130787
"Student 2833",86.0698323312789,92.01286255073515,2.5025139079384364,2.8356588837754333,60.076982148516954,55.24309722484131,99.35821053480683
"Student 2834",79.8806641940219,90.1141941202723,87.61916347472363,1.570543197011065,52.82634525125919,34.828439808781766,6.9499476447804795
"Student 2835",29.490853008798943,4.636315991782366,39.52858875995614,99.10325305266566,86.22658772322798,55.81193000528951,37.62045013946191
"Student 2836",66.37287618592872,49.04218823496359,95.78293171689005,41.95010147645114,14.31141083619325,93.50509931083879,47.42765489983753
"Student 2837",92.73268830515019,51.26512175017693,62.071267454112075,15.991959447991219,66.4097972341683,92.16260667650864,89.78261153752628
"Student 2838",93.72713434658394,56.08512094309512,14.406827912009671,21.277993101181146,28.609232514864765,2.9347531448698545,12.685973586434033
"Student 2839",9.250261632943069,6.396652297967062,66.70184240348343,72.20638386823039,63.74493069940655,92.8508681471544,91.29430559825106
"Student 2840",41.34525159559155,45.898231773898075,32.46451583328852,73.31682319802577,71.81351343045938,9.944828860760015,75.12876057141487
"Student 2841",11.774785490455235,27.19326529827855,71.3233729961475,37.728281256203324,37.80770195416079,46.12060060606603,65.61997062992658
"Student 2842",83.71278545477793,24.15952856433274,79.73999585832958,58.88650467142655,21.59027393665932,6.3213528585940875,4.967869862180887
"Student 2843",36.02048449766327,11.059453320324224,94.13537243138212,26.09449637016825,2.658992852936316,88.50485747412391,21.360602265933487
"Student 2844",81.09220793399828,60.365663240072465,37.788440198348354,94.92325638202963,25.79629497310875,83.09138198755319,52.54288443092155
"Student 2845",98.27645520306402,36.242247917305306,0.07114253888231063,82.50705100238717,16.14424661697475,61.16644671283519,73.88637755802596
"Student 2846",79.98956894900672,58.17520699567517,80.70998124005278,86.98658717804884,1.8930525061878787,24.606245013659183,62.11524263240269
"Student 2847",13.747143417762103,22.603227590552457,90.31579802406952,38.258067180667496,89.0284698117739,73.71996201791124,48.18493393453483
"Student 2848",18.29859915858859,90.3326186122413,4.836889653820483,74.80540409156514,20.691624533446564,74.63965035037756,38.07546756278318
"Student 2849",89.87985831719386,28.45892070920357,17.443896695622165,89.5461291925394,75.54953461898184,32.11940588303357,12.833132784850946
"Student 2850",44.98204932950606,82.66853274391094,65.51699766498237,93.68354387881746,29.068167606581934,0.8129967783248846,81.33321245425897
"Student 2851",5.252333142969223,46.389235178384,91.39504931025809,3.3976864932173556,55.33660366857309,46.361053187574356,66.7220635594242
"Student 2852",47.47869536687554,40.27680184423155,97.54585452800211,61.91585543366861,32.25722027332861,37.88260591330709,5.484736222820747
"Student 2853",0.5242426506042532,36.54008480451246,0.03859742707549142,65.36617698829228,54.432613422995146,29.371517052933942,25.947860619695202
"Student 2854",71.76842625761984,22.83677813166056,10.754821609281409,68.41289658795158,79.31102972932426,82.95454343176799,40.6202234358205
"Student 2855",52.931097079985136,38.82247144430959,89.80382163796664,0.666446223678522,62.82104193188385,26.166013856027213,78.93144598494601
"Student 2856",44.18142816873693,46.546540735959105,64.94520230150836,63.09522874759944,35.140189856611535,24.873691012965455,20.557087596937304
"Student 2857",43.082655078421936,89.6567809937609,63.24501382703587,83.64817634400676,40.535154262515235,21.026790600724247,36.13521152751164
"Student 2858",65.59697455190256,48.28302625271775,2.99514563316994,60.53078602307488,41.92007165622805,37.17212739624576,46.58513603963691
"Student 2859",59.84754989337344,4.560321148404908,28.531397657107764,69.1173448985007,95.6837582655912,76.10511010963565,22.111912128937163
"Student 2860",61.440747159864394,41.980313948038514,88.10795865523659,78.55607721222177,97.36926423670572,68.34853441242082,68.74614448178976
"Student 2861",86.277079057971,91.44983667640183,89.49003697762194,99.55305092306824,62.533085353837215,45.239104895029264,73.16017774309522
"Student 2862",26.39340971459161,37.66168328945478,68.38363891969969,5.165838858914665,55.86680645218437,80.92563975499228,59.86326326087271
"Student 2863",24.053482609488206,24.598693945692187,7.334442076200638,92.65668177372588,77.4391587437668,96.43542533303521,98.27150733314267
"Student 2864",5.3965435544203615,78.16956657296264,88.75256992457383,77.19086353144334,43.182185046242964,63.30035049710495,89.34081165805033
"Student 2865",29.80409304110297,69.27374932940809,79.90737145369712,70.27462185189295,64.9046397364558,5.182123244935187,76.94662310034991
"Student 2866",8.455227929554997,39.350989332763895,5.7317232467004375,76.91586159457448,23.607726059113507,79.67424255963635,52.124864266788826
"Student 2867",93.86844921326215,73.37221473521754,0.49550663295251407,19.94166024190456,88.03906210207938,14.41122493708277,90.26814690071262
"Student 2868",34.976741822540696,95.32953174145425,15.329659246048996,96.67065990467684,50.893596082353675,93.37829608620667,66.76368676784978
"Student 2869",18.279518490181303,86.29013627255986,31.432073141548074,86.27677422703528,89.86170039823416,24.75407866113285,41.123982868709355
"Student 2870",45.156833520047876,50.09706798618407,24.727687255157,53.012942758831336,80.08674653926113,49.73824911010033,93.8183602181153
"Student 2871",94.29154131352206,97.96994029061345,89.91292446043121,34.59119046974457,52.987113142130696,12.886586004691633,27.039321897396956
"Student 2872",76.23639475872889,10.111148078632612,11.585860787405124,88.77397619506662,79.68507868067934,51.772906204382295,46.14835797769161
"Student 2873",58.00062503230355,4.630250782444869,13.323130941035227,72.1419880725706,80.97028320655006,66.70453184348727,6.077954029990098
"Student 2874",56.777592341203054,36.24289166900835,34.14868224933391,8.426997414105147,67.12052290724199,25.773256921352722,5.865657088892229
"Student 2875",48.27617868698664,32.03101113559303,56.40568535547762,87.04976444802551,80.52841228082994,0.3943450747268067,74.204837226939
"Student 2876",16.79843048578123,65.38918484907926,42.21156807345433,27.170940592717237,69.51641644021036,72.2124629166716,81.25016118777111
"Student 2877",63.29179373494473,94.76652849456677,64.09576861987422,34.66762895086099,19.572741483639536,48.44224330138333,59.48516698108502
"Student 2878",38.00661896548715,35.80265885027534,63.11371839225757,52.2457457706466,12.76419416666325,53.84050819634156,81.57122048773925
"Student 2879",67.40236108984536,21.44714916567592,40.00224931339984,72.73884581888899,16.09408047009553,77.80582745252183,58.3214334158515
"Student 2880",96.22519496945895,86.74307789241958,75.75926120668734,30.241912180106844,96.11385814166675,42.4424996211374,32.26361332992375
"Student 2881",13.560866436901586,12.329391725733844,95.4178048233397,20.2230148444083,74.04616363579052,48.97672565263399,87.57767367910179
"Student 2882",7.489683736449225,18.880399654996978,22.277275566622297,46.59912954362944,20.971612798012785,72.2755069817844,36.60232892943463
"Student 2883",64.06361789251991,40.98150611989454,41.91202683587101,27.339111911107562,22.107871147373924,0.6077874663514728,17.93503856796364
"Student 2884",25.952267971181108,62.891556376707236,95.95460058552683,6.062976484871036,81.03062971350856,23.120920461404125,69.25990448636672
"Student 2885",39.946119171495205,86.64640670236626,2.646615288716782,22.672868295400985,0.48201936783452365,99.86305010035991,16.572870621395104
"Student 2886",75.48321736989907,72.37793772941178,22.96616593515799,82.61228437214152,47.74447695236029,46.44761100053617,96.87554383724714
"Student 2887",51.635571971487025,33.50407410811083,17.566059607767773,97.18847909879128,4.462149698770786,72.0292695614868,7.852173881103032
"Student 2888",46.19650954658731,97.06766156074437,49.05686188325106,40.9674623383556,73.83726933252049,51.749220049847,74.46195448396836
"Student 2889",61.282846209996734,39.15973962926228,1.8149884659899043,61.07079087847674,18.71407169597318,52.2010114297514,68.4106290655176
"Student 2890",77.55038521291388,64.57347613081916,65.89954043110568,80.48524949755766,58.615639353864644,68.785689054245,69.98712806108387
"Student 2891",26.589381409716584,0.03349243008447174,27.248418512145907,25.42863615257145,41.742883364546486,64.67839103108052,47.16030429840467
"Student 2892",25.74158179934592,54.008729997379966,69.04956687997927,77.05041098875311,7.598055556564198,96.89382311653064,1.6449348065063898
"Student 2893",80.87292033543683,22.458367992958873,82.68324350355361,34.13278944533158,22.185518576576403,64.33512231981301,18.017219090808716
"Student 2894",73.60914436558666,43.52697490886216,66.82435335942996,61.63655290464951,86.18297972105616,97.99249317330569,50.85462161527343
"Student 2895",19.235473081681295,45.303777686072245,64.69019008121685,84.99219518316751,46.675104779424764,37.70634903646277,15.338503373246267
"Student 2896",68.97165686655491,76.24432909217444,38.97942586133614,27.146625186939282,59.46132317382381,83.63028425132806,88.69435698157737
"Student 2897",37.36169528571295,20.586904216868607,61.643409204574716,61.31368240757061,96.74641498725191,58.17561922209222,56.242160871623625
"Student 2898",30.245251686950585,78.21494466704924,70.61332071394611,44.34392143142259,55.77808577362519,94.003404006645,12.608867070371964
"Student 2899",23.94864760139198,61.50021909784728,70.19055462190941,25.045475850408156,33.455540413345155,61.54692180913393,40.764586582042234
"Student 2900",77.56682402268602,43.09291912868634,97.48597245261188,39.64122175074919,65.28799666791477,89.76087946699761,60.925938701624005
"Student 2901",61.58683786683427,78.57461555224174,30.384755562482795,40.709890413884885,13.984000924787733,36.066315382062584,22.341591674085386
"Student 2902",31.539518304741687,28.663615454454256,53.79067716720887,2.815495328336497,84.67389253153482,13.353265244055706,29.77034327857836
"Student 2903",40.789957298885646,85.65213124592933,84.13631483437533,24.859900147123266,22.72821597240857,6.816602374106286,33.54400888232578
"Student 2904",98.15530326691825,59.142687209794296,3.28743703957229,88.35017405491371,37.846701190248545,59.56081324201664,62.03581896679742
"Student 2905",94.24027343210514,11.593993197236289,5.652864409051912,39.44707648092008,22.243770549602914,11.408164160308946,46.657179705502884
"Student 2906",89.28164179486376,43.24361144021381,90.02829847446506,42.94021141157028,71.01054038935328,60.60409664536369,61.142538908164234
"Student 2907",10.136928344763518,64.13810113991653,55.45827665640595,71.95945343947889,62.78202293016212,20.963436051903926,76.52441664431048
"Student 2908",72.17259342837255,36.383470875459736,9.775935027296514,18.266837571048256,78.16442269358942,11.066262712733272,25.577284181462524
"Student 2909",37.298086089065066,2.355204115973921,87.09952280206075,93.98351252550286,81.76651091959218,19.03335412049958,78.35850066380155
"Student 2910",55.78574847905442,79.01484920013966,56.972924981417435,93.20561662935104,50.30848749620061,95.15585614679053,67.63808955986434
"Student 2911",49.07659838625445,80.85744182527276,25.983445230592107,63.87797272038671,21.18838229868408,56.2462872467902,74.6903673205452
"Student 2912",42.743032545323025,92.05113911681885,17.086216048748724,7.020274910311169,49.76294609436215,45.674302845405215,13.308561110452583
"Student 2913",79.21061828978172,22.08710976550299,35.943486678248995,38.3895265595852,75.62550848189903,84.77440711992902,5.76295594020608
"Student 2914",37.29295482401332,68.48364740757202,0.5586492820584833,41.709282609892995,55.01057075263134,82.60862484100359,74.26139412763379
"Student 2915",5.770389532929084,40.714726939674,42.1835609686638,97.0594891725874,1.1528475496059172,46.791490448232246,42.546757435359325
"Student 2916",20.170406552516596,95.4793593397886,75.33666844703936,56.204642015802456,34.129618388676406,33.298579444026366,76.79415072473769
"Student 2917",98.09353557760528,19.505019615158858,45.47825995419991,86.20163391914245,63.748809810129984,64.75241711701338,87.58557822204628
"Student 2918",78.94529789914375,1.5269706837253398,80.89159100590712,86.68224581952103,61.03461221465446,36.41131022477361,0.8900309862988275
"Student 2919",85.70970103121215,95.15474435010599,62.020366951994134,20.12619751325018,15.956169159315767,65.28829747925371,55.65368331280121
"Student 2920",56.24674478879801,47.527098958161496,47.16362807555439,22.784027534377138,48.50715341849919,60.31979663860517,16.162723270832654
"Student 2921",61.37447473929096,59.34680221884344,18.190012845596986,38.949422442740605,11.840980273880776,52.82693807519809,87.31895705638055
"Student 2922",45.80707587449245,52.90645598363473,55.66909648935656,33.513567063301316,49.90076270101099,16.606735961677288,62.632726364557016
"Student 2923",46.78571474076399,18.20872580098827,38.84148196830728,56.080458491375275,73.35090067271918,17.617541634657968,17.46628298348746
"Student 2924",49.84741952768842,36.649503700682686,30.433131608008868,15.736440068336435,59.031872820010975,97.20891452884794,48.32875279078556
"Student 2925",83.40971412282238,75.31916262555961,17.34602411523233,50.44457490091623,53.84606175058708,33.38288570987166,88.71050414728245
"Student 2926",90.31736708707943,73.91894959885806,47.23786253636259,10.685206216764358,82.17771548084757,49.61209107790434,37.78797441541299
"Student 2927",88.65341412095586,99.06490654453086,22.57658115164009,66.3094946894635,66.52059906803169,74.94806843682346,90.8456267919904
"Student 2928",58.696506323730034,31.537747191305876,40.542179519380376,38.31064233663572,81.1353780859339,61.617424658673905,16.275824297603727
"Student 2929",9.50744582660343,95.19658634835815,63.41689347959579,44.61087552976301,48.187205548158666,49.026833931299144,43.5009482835185
"Student 2930",85.88189900775195,5.732187168803116,26.39742238536777,0.45630533748951047,57.651747160321875,24.299876617122525,94.5503355670614
"Student 2931",48.17872982516552,74.73461096756459,32.437747478835846,26.87485184160256,47.17176559113309,46.72908507672884,58.83197805399006
"Student 2932",34.55966614633303,23.228020640221224,89.30065245258017,86.4452082433925,84.42275191807552,50.31522851027256,50.583892263916276
"Student 2933",89.3388930114769,98.62874245303217,96.34890227240449,51.20568826371025,39.02086019681559,85.22184563887251,1.7368982142494822
"Student 2934",0.5117738955812471,56.50260165114024,59.16163865960681,61.61300680166054,6.2266916320682855,42.77868189451149,38.798777779622846
"Student 2935",31.205334869957618,0.33637763033360446,98.86854296059381,29.26484231601167,63.38767955780206,78.13673682268265,16.508534274025454
"Student 2936",68.67012078977933,23.09291057927451,75.61899253982813,31.222105782188734,86.43581985368397,82.9832369529982,82.1836342968848
"Student 2937",71.84639206552795,96.04543507533143,81.28171942479678,22.44343025435784,86.83017488330476,46.38193614444163,36.81237330936848
"Student 2938",3.8474578852186943,56.67534178593239,50.5634908926808,19.025463604401114,76.28289242661599,8.099298438621055,84.96333443751858
"Student 2939",43.36104269429229,6.041083999924426,62.09846275514003,25.611223087560802,52.097859209742246,84.7775721749603,76.96240594264329
"Student 2940",90.47591998400371,56.59752107127217,94.13255322490222,22.883597213338422,27.930878571627886,16.519087851115984,1.4150242458876383
"Student 2941",81.76446807354057,12.300039337059463,16.60723055621961,60.41011156887014,50.79784538644488,58.507877037287926,91.35461765630679
"Student 2942",69.19501657751775,34.502222904045794,15.733285112978088,69.15821217306896,95.35261546306634,21.256997323776798,33.91489444687136
"Student 2943",88.85549191406774,54.769997318740835,96.53289333516715,64.71214984104044,2.110167869939435,30.541559622865392,2.758985733817393
"Student 2944",28.615844283849018,84.37596788651348,90.09952150407747,51.65375185186591,13.674371489025686,16.656368405893073,12.882360578211427
"Student 2945",42.251960207636074,64.9731365822358,38.85909288916436,90.87699254161595,44.05285153586787,89.77670886268184,85.50435607551793
"Student 2946",82.57754968900592,74.55645771563547,66.8240925883805,54.79865702854752,23.335416527212008,96.58568559277126,31.096683577126548
"Student 2947",21.486975570786417,3.504321502769496,27.09143776237125,86.828789387217,0.8970493058407348,11.023393976927407,27.049404663616343
"Student 2948",5.316491809412488,20.776139780694834,45.524894698258514,5.000927898602031,70.18358133745227,2.503695641679547,98.91177346376114
"Student 2949",39.078086885349414,22.20247540919666,24.453497732787092,68.87855245440696,10.517466096637225,11.548976769024922,0.8648430880948789
"Student 2950",36.80247607689319,25.359902806516516,62.18180525963493,22.489693034906004,45.312691479748565,88.82785296673539,70.48645023450753
"Student 2951",53.79773049321035,58.29887313124624,99.55400108109794,10.380811791746652,83.67384694875597,80.22791854047883,37.84294246700318
"Student 2952",38.01002009178607,30.32053810925924,54.75331165217706,12.821866636003024,19.68431940172534,6.015239194075645,95.00035719374873
"Student 2953",49.53983068229489,27.400728922404415,76.24294957568976,83.77630804216525,13.129041049391793,50.670876872076946,91.33973583891154
"Student 2954",42.8246873407744,61.480599526832606,89.98762454777042,9.01791110800776,84.30570359245809,55.91677359567835,70.70698147763996
"Student 2955",43.07422768633026,89.02218303134244,45.43336921323221,6.5933273584161896,48.118794641110185,9.828859900952075,78.77984241225349
"Student 2956",83.20338549652602,76.35944197465084,67.55836802030527,62.872385704160415,28.25711302319865,68.9384280236289,17.440011479139827
"Student 2957",88.0663730236693,3.039432867017633,9.224262209830322,13.378072577533953,22.78395735956775,91.67313428073133,91.66320985420828
"Student 2958",78.77894268672392,97.46982813115744,89.23977406672034,87.5356653206334,50.89881416458207,50.86633525026869,21.21398861414604
"Student 2959",64.20086628242395,69.16424963857285,79.32910035958977,42.06017875668355,75.38759463240832,55.89287178719909,71.3006408666289
"Student 2960",28.995653584829572,3.8457048943523935,97.98745878412646,52.133469881846196,33.098335466816806,87.83534858668854,7.017555237198016
"Student 2961",65.30072276458819,47.48882329254979,96.98888133841362,68.06999524792744,83.63376090974516,62.83308876965952,99.605903241241
"Student 2962",39.79804574872658,45.7755019737983,81.64770036076582,3.661839181298994,42.33702694926668,27.035393803399476,92.98163003091462
"Student 2963",20.52682128643025,7.971400485000589,97.9712662024011,30.025260665934468,27.346052231080343,65.81419395759889,45.765539847430425
"Student 2964",41.318069457734204,72.76582871578137,45.80072844623228,20.774489404579807,74.1810709799461,17.986949478952276,24.822273514715302
"Student 2965",2.121932297821179,86.56713417294806,13.254069269950772,32.04001779474606,4.274764565847872,44.47075891600644,99.66200954867908
"Student 2966",90.91844224061151,33.35411913851505,76.70427537837719,33.2510584734048,98.98054025900379,12.032456386238005,30.41071594352903
"Student 2967",82.65418095111569,7.34342112890764,97.20840696780087,36.68258502944414,98.4036750247451,30.754192113323132,7.776710771772527
"Student 2968",22.289776972161647,29.526260457454228,86.65537056281987,38.07471661472187,69.99459651570754,36.150959292908745,30.305183845363153
"Student 2969",3.268646800832467,87.13683952545257,17.713140662059637,60.953372409749576,94.85649410969755,43.67427251791533,18.01427973291398
"Student 2970",15.527546023729904,60.274574730439426,23.782865366459514,13.043902294343813,8.4842470654188,47.72634585004761,46.57318334477941
"Student 2971",17.76495411267768,93.92862808475803,38.711989891109795,50.70164641049226,1.8168041621390387,70.35116954028176,67.06818329338367
"Student 2972",5.575663539579288,82.49164745360117,67.01265607626702,3.2215439611284946,58.25685748795317,20.951607776742033,72.94978316604589
"Student 2973",35.14442281311584,63.25361059234598,52.469850871335524,90.37922605598342,90.75420339630571,55.56314560985375,90.78049007924047
"Student 2974",45.637308361098825,99.06133220247351,40.78893607611662,90.60268818946712,94.45763499116073,23.14391134576775,33.77747042551063
"Student 2975",55.44806786292743,98.75328587613444,99.51639802048675,3.8429441896799146,90.19000462583341,47.203758543318244,55.6633180064494
"Student 2976",19.19076576506446,99.9389647740051,17.877117804566957,30.190369897905068,36.784145000504544,84.41528430313457,41.78353909187153
"Student 2977",93.46466167347391,39.84447618566916,14.680692557550671,69.80052930290476,1.9332501932409671,28.683008250406054,73.18593677445195
"Student 2978",79.30644990700733,61.737830183275754,50.7132330217574,8.014361038817382,5.672025861259816,39.95575300712587,12.309397140742329
"Student 2979",71.79926592179477,19.48818883210366,70.85633526352466,84.99397076506983,60.11616287252534,37.08465733014058,84.51444647415839
"Student 2980",35.63452988006157,75.87519577316122,75.43459546431916,83.02694475528786,94.66504211208955,72.37192906102482,65.28853930628425
"Student 2981",93.36311590489537,90.64372971691374,24.671149379690775,77.52213609072174,22.112387738550808,16.758718787017944,93.66555564884713
"Student 2982",79.80124175640235,4.7162341721173,20.36846391241481,18.40249132584588,70.74840714067841,96.28654806110139,27.796109224467152
"Student 2983",96.0471441970434,36.24687169485849,65.72870106193362,34.10562945001401,43.31434051120742,93.33342413867169,78.59314620192369
"Student 2984",6.988380443126747,91.25520106589985,5.506870882811672,5.633792758310182,94.07324579398144,69.03232176791238,30.167106957990462
"Student 2985",63.05322638085442,47.180031727873924,94.25016270415927,53.434939415812046,88.01449195880713,65.14865291725192,56.620732522031616
"Student 2986",56.933156031278465,50.854975774455426,51.390943540637856,85.20178486413124,15.452386237056853,77.60376357910341,57.14606157051074
"Student 2987",16.955629604156915,58.497545197494595,98.86379878284811,86.57419104300824,72.72780195355554,39.79946358785561,55.15592364664597
"Student 2988",62.08417102316578,11.257225316952745,94.16110238193663,87.46624792802903,54.302989227339374,36.98292844096766,45.370727090494746
"Student 2989",18.177813323942345,15.846860680989211,91.72197192438108,71.31553770239151,33.53538483498771,20.53884964828087,39.7779476151707
"Student 2990",65.25220729070172,87.83685249582219,82.30481480698941,48.46526019571997,25.928216534164132,61.37845753531976,91.09828775485205
"Student 2991",20.55026474898623,48.010428350138376,68.90840421523514,30.30573231281038,38.79521024418513,38.370221281868695,70.02304010583137
"Student 2992",49.264452749392355,83.29309456454853,25.69621269465377,77.93911575360167,34.41002001049856,93.41601037742547,61.40959264609263
"Student 2993",14.139393870161992,38.83907465920929,98.06460968421348,28.38952823419153,85.54433356872225,40.93674315794179,69.91339660647363
"Student 2994",29.807177051101124,18.067006403861242,16.236986026627566,1.2424695295102666,64.00468774347476,68.28016008287574,20.343785963613286
"Student 2995",81.21146133544418,44.39086171952129,39.91385568123468,67.59664446145239,94.92106893013177,38.661093456027814,20.711159927327714
"Student 2996",59.62439821924723,39.433053405301024,70.10933310899468,36.58933420769343,51.84132723881144,26.513620915267694,11.9073335048915
"Student 2997",23.682243719296984,70.30171450387134,92.1751279969982,99.32902741228668,36.42075833589694,91.60050225570987,13.637906738826011
"Student 2998",26.254543164352466,67.02928339401456,78.7394026871341,86.29529350193808,47.707469630993614,23.35476677947373,15.740446874962027
"Student 2999",2.278866251886221,48.54318446290295,39.632317494563175,96.46539694612534,50.165731271884525,8.723211999264684,51.79213067769225
"Student 3000",94.71653210072982,65.91945889637108,47.47823538222666,60.46029113171644,96.91158462612478,19.458566861789585,70.75196672267671
